"phen" "total" "sign_disc" "sign_repl" "sign_disc_top" "sign_repl_top" "weak_instr"
"ukb-b-12763" 1 0 0 0 0 0
"ukb-b-11085" 31 46 63 8 5 3
"ukb-b-38" 0 0 0 0 0 0
"ukb-b-5232" 1 0 0 0 0 0
"ukb-b-15942" 0 0 0 0 0 0
"ukb-b-20435" 0 0 0 0 0 0
"ukb-b-1418" 0 0 0 0 0 0
"ukb-b-1998" 0 0 0 0 0 0
"ukb-b-12397" 9 9 2 4 1 3
"ukb-b-16348" 0 0 0 0 0 0
"ukb-b-256" 0 0 0 0 0 0
"ukb-b-19431" 0 0 0 0 0 0
"ukb-b-20405" 0 0 0 0 0 0
"ukb-b-3035" 0 0 0 0 0 0
"ukb-b-5545" 0 0 0 0 0 0
"ukb-b-7700" 0 0 0 0 0 0
"ukb-b-8463" 1 0 0 0 0 0
"ukb-b-290" 0 0 0 0 0 0
"ukb-b-11417" 0 0 0 0 0 0
"ukb-b-10783" 1 1 0 1 0 1
"ukb-b-16209" 0 0 0 0 0 0
"ukb-b-394" 0 0 0 0 0 0
"ukb-b-20159" 1 0 0 0 0 0
"ukb-b-9029" 0 0 0 0 0 0
"ukb-b-13488" 1 0 0 0 0 0
"ukb-b-752" 2 0 0 0 0 0
"ukb-b-14505" 0 0 0 0 0 0
"ukb-b-5776" 31 12 11 6 4 2
"ukb-b-16446" 546 2220 2283 244 246 -2
"ukb-b-19498" 0 0 0 0 0 0
"ukb-b-10366" 0 0 0 0 0 0
"ukb-b-16311" 8 26 6 3 0 3
"ukb-b-391" 0 0 0 0 0 0
"ukb-b-12936" 0 0 0 0 0 0
"ukb-b-260" 0 0 0 0 0 0
"ukb-b-19069" 2 0 0 0 0 0
"ukb-b-8633" 0 0 0 0 0 0
"ukb-b-11751" 0 0 0 0 0 0
"ukb-b-43" 2 0 0 0 0 0
"ukb-b-791" 1 0 0 0 0 0
"ukb-b-11748" 0 0 0 0 0 0
"ukb-b-4933" 0 0 0 0 0 0
"ukb-b-19202" 1 0 0 0 0 0
"ukb-b-6725" 0 0 0 0 0 0
"ukb-b-17772" 1 0 0 0 0 0
"ukb-b-10567" 0 0 0 0 0 0
"ukb-b-4699" 0 0 0 0 0 0
"ukb-b-707" 0 0 0 0 0 0
"ukb-b-2557" 0 0 0 0 0 0
"ukb-b-19929" 0 0 0 0 0 0
"ukb-b-1515" 0 0 0 0 0 0
"ukb-b-17287" 0 0 0 0 0 0
"ukb-b-19206" 2 0 0 0 0 0
"ukb-b-12115" 1 0 0 0 0 0
"ukb-b-9242" 1 14 8 1 0 1
"ukb-b-8951" 0 0 0 0 0 0
"ukb-b-12227" 6 13 16 1 2 -1
"ukb-b-3188" 0 0 0 0 0 0
"ukb-b-10872" 0 0 0 0 0 0
"ukb-b-3596" 3 3 5 1 2 -1
"ukb-b-10073" 0 0 0 0 0 0
"ukb-b-14679" 3 1 0 1 0 1
"ukb-b-11780" 0 0 0 0 0 0
"ukb-b-12202" 0 0 0 0 0 0
"ukb-b-6230" 0 0 0 0 0 0
"ukb-b-8667" 5 0 0 0 0 0
"ukb-b-2715" 0 0 0 0 0 0
"ukb-b-7879" 0 0 0 0 0 0
"ukb-b-5425" 0 0 0 0 0 0
"ukb-b-10617" 1 0 0 0 0 0
"ukb-b-20218" 0 0 0 0 0 0
"ukb-b-7901" 0 0 0 0 0 0
"ukb-b-4455" 0 0 0 0 0 0
"ukb-b-6181" 0 0 0 0 0 0
"ukb-b-19129" 1 0 0 0 0 0
"ukb-b-6891" 0 0 0 0 0 0
"ukb-b-13183" 0 0 0 0 0 0
"ukb-b-13092" 5 3 6 1 1 0
"ukb-b-4929" 1 0 0 0 0 0
"ukb-b-12236" 2 0 0 0 0 0
"ukb-b-20455" 0 0 0 0 0 0
"ukb-b-16671" 0 0 0 0 0 0
"ukb-b-19921" 528 1530 1595 209 205 4
"ukb-b-6044" 0 0 0 0 0 0
"ukb-b-20188" 394 947 967 125 120 5
"ukb-b-6330" 0 0 0 0 0 0
"ukb-b-6540" 0 0 0 0 0 0
"ukb-b-8659" 0 0 0 0 0 0
"ukb-b-5213" 8 3 0 3 0 3
"ukb-b-73" 1 5 6 1 1 0
"ukb-b-11369" 1 0 0 0 0 0
"ukb-b-6504" 0 0 0 0 0 0
"ukb-b-10912" 81 162 177 37 35 2
"ukb-b-2134" 101 67 106 13 17 -4
"ukb-b-7853" 0 0 0 0 0 0
"ukb-b-319" 1 0 0 0 0 0
"ukb-b-12839" 8 9 11 1 2 -1
"ukb-b-13702" 0 0 0 0 0 0
"ukb-b-9744" 0 0 0 0 0 0
"ukb-b-16499" 34 65 80 10 12 -2
"ukb-b-6716" 0 0 0 0 0 0
"ukb-b-18541" 6 13 11 4 3 1
"ukb-b-6298" 1 0 0 0 0 0
"ukb-b-15686" 11 42 53 3 4 -1
"ukb-b-13607" 0 0 0 0 0 0
"ukb-b-8572" 0 0 0 0 0 0
"ukb-b-8906" 0 0 0 0 0 0
"ukb-b-4188" 0 0 0 0 0 0
"ukb-b-7432" 0 0 0 0 0 0
"ukb-b-14017" 1 0 0 0 0 0
"ukb-b-11015" 0 0 0 0 0 0
"ukb-b-16710" 0 0 0 0 0 0
"ukb-b-9838" 21 11 6 4 2 2
"ukb-b-16508" 2 1 3 1 1 0
"ukb-b-16609" 0 0 0 0 0 0
"ukb-b-4482" 2 1 0 1 0 1
"ukb-b-13686" 2 18 8 2 1 1
"ukb-b-11120" 1 0 0 0 0 0
"ukb-b-8446" 2 0 1 0 0 0
"ukb-b-8197" 0 0 0 0 0 0
"ukb-b-3875" 0 0 0 0 0 0
"ukb-b-8268" 1 6 8 0 1 -1
"ukb-b-12964" 0 0 0 0 0 0
"ukb-b-11388" 1 0 0 0 0 0
"ukb-b-15321" 0 0 0 0 0 0
"ukb-b-18865" 0 0 0 0 0 0
"ukb-b-19398" 0 0 0 0 0 0
"ukb-b-17907" 0 0 0 0 0 0
"ukb-b-1164" 0 0 0 0 0 0
"ukb-b-7773" 13 13 13 5 5 0
"ukb-b-3169" 12 6 2 1 1 0
"ukb-b-4512" 0 0 0 0 0 0
"ukb-b-15625" 3 2 0 1 0 1
"ukb-b-14905" 0 0 0 0 0 0
"ukb-b-6848" 6 0 0 0 0 0
"ukb-b-4690" 0 0 0 0 0 0
"ukb-b-3549" 7 0 4 0 2 -2
"ukb-b-20239" 1 0 0 0 0 0
"ukb-b-13664" 6 19 9 2 2 0
"ukb-b-6614" 0 0 0 0 0 0
"ukb-b-12872" 0 0 0 0 0 0
"ukb-b-11878" 0 0 0 0 0 0
"ukb-b-18105" 12 10 16 4 7 -3
"ukb-b-16369" 1 0 0 0 0 0
"ukb-b-6652" 0 0 0 0 0 0
"ukb-b-969" 47 79 36 7 4 3
"ukb-b-7288" 4 0 4 0 1 -1
"ukb-b-9130" 38 11 10 3 3 0
"ukb-b-14664" 208 295 281 73 68 5
"ukb-b-4601" 0 0 0 0 0 0
"ukb-b-6906" 0 0 0 0 0 0
"ukb-b-13516" 18 1 5 1 5 -4
"ukb-b-14713" 296 757 716 102 99 3
"ukb-b-7992" 263 497 495 81 86 -5
"ukb-b-16882" 0 0 0 0 0 0
"ukb-b-5693" 0 0 0 0 0 0
"ukb-b-16636" 0 0 0 0 0 0
"ukb-b-2338" 0 0 0 0 0 0
"ukb-b-8621" 0 0 0 0 0 0
"ukb-b-6873" 0 0 0 0 0 0
"ukb-b-15326" 0 0 0 0 0 0
"ukb-b-12209" 5 89 99 3 4 -1
"ukb-b-16399" 5 0 0 0 0 0
"ukb-b-2618" 5 2 0 1 0 1
"ukb-b-20185" 0 0 0 0 0 0
"ukb-b-15924" 0 0 0 0 0 0
"ukb-b-8882" 1 0 0 0 0 0
"ukb-b-11297" 26 109 85 11 10 1
"ukb-b-531" 0 0 0 0 0 0
"ukb-b-8648" 1 0 0 0 0 0
"ukb-b-10821" 0 0 0 0 0 0
"ukb-b-19462" 1 31 1 1 0 1
"ukb-b-18202" 3 0 0 0 0 0
"ukb-b-4184" 0 0 0 0 0 0
"ukb-b-4711" 57 67 64 9 8 1
"ukb-b-16522" 2 0 0 0 0 0
"ukb-b-6218" 4 0 0 0 0 0
"ukb-b-11532" 0 0 0 0 0 0
"ukb-b-19473" 3 3 6 1 1 0
"ukb-b-10591" 7 0 0 0 0 0
"ukb-b-2285" 0 0 0 0 0 0
"ukb-b-2830" 2 0 0 0 0 0
"ukb-b-2237" 0 0 0 0 0 0
"ukb-b-3713" 1 0 0 0 0 0
"ukb-b-288" 4 47 50 4 2 2
"ukb-b-4257" 0 0 0 0 0 0
"ukb-b-15363" 0 0 0 0 0 0
"ukb-b-8161" 0 0 0 0 0 0
"ukb-b-3969" 0 0 0 0 0 0
"ukb-b-10272" 2 7 8 1 1 0
"ukb-b-17616" 5 0 5 0 1 -1
"ukb-b-7436" 7 41 37 2 2 0
"ukb-b-9513" 0 0 0 0 0 0
"ukb-b-14206" 1 25 4 1 0 1
"ukb-b-8072" 3 0 0 0 0 0
"ukb-b-132" 0 0 0 0 0 0
"ukb-b-5946" 0 0 0 0 0 0
"ukb-b-7073" 0 0 0 0 0 0
"ukb-b-18127" 1 0 0 0 0 0
"ukb-b-10097" 0 0 0 0 0 0
"ukb-b-11045" 0 0 0 0 0 0
"ukb-b-20019" 1 0 0 0 0 0
"ukb-b-6666" 1 3 0 0 0 0
"ukb-b-14944" 18 10 5 3 2 1
"ukb-b-15932" 19 26 26 9 9 0
"ukb-b-8846" 5 0 0 0 0 0
"ukb-b-4439" 2 0 0 0 0 0
"ukb-b-14203" 71 84 116 13 19 -6
"ukb-b-11768" 0 0 0 0 0 0
"ukb-b-13378" 143 184 142 47 38 9
"ukb-b-4106" 0 0 0 0 0 0
"ukb-b-11866" 0 0 0 0 0 0
"ukb-b-19931" 0 0 0 0 0 0
"ukb-b-17633" 0 0 0 0 0 0
"ukb-b-12863" 0 0 0 0 0 0
"ukb-b-18176" 1 1 0 1 0 1
"ukb-b-15760" 0 0 1 0 0 0
"ukb-b-5332" 2 0 0 0 0 0
"ukb-b-19634" 0 0 0 0 0 0
"ukb-b-1977" 1 0 0 0 0 0
"ukb-b-17775" 0 0 0 0 0 0
"ukb-b-1852" 4 1 0 1 0 1
"ukb-b-19852" 2 0 0 0 0 0
"ukb-b-9856" 0 0 0 0 0 0
"ukb-b-18425" 0 0 0 0 0 0
"ukb-b-18915" 0 0 0 0 0 0
"ukb-b-2094" 1 0 8 0 1 -1
"ukb-b-677" 1 0 0 0 0 0
"ukb-b-19719" 0 0 0 0 0 0
"ukb-b-5079" 0 0 0 0 0 0
"ukb-b-12301" 5 29 0 1 0 1
"ukb-b-8778" 3 4 0 1 0 1
"ukb-b-6998" 0 0 0 0 0 0
"ukb-b-16576" 43 56 58 7 10 -3
"ukb-b-1138" 3 0 1 0 1 -1
"ukb-b-14303" 0 0 0 0 0 0
"ukb-b-4921" 1 3 0 0 0 0
"ukb-b-133" 0 0 0 0 0 0
"ukb-b-10054" 0 0 0 0 0 0
"ukb-b-8241" 3 10 23 1 1 0
"ukb-b-4070" 0 0 0 0 0 0
"ukb-b-1795" 1 0 0 0 0 0
"ukb-b-3686" 0 0 0 0 0 0
"ukb-b-7414" 0 0 0 0 0 0
"ukb-b-13864" 0 0 0 0 0 0
"ukb-b-488" 0 0 0 0 0 0
"ukb-b-6373" 2 1 0 1 0 1
"ukb-b-16452" 0 0 0 0 0 0
"ukb-b-8865" 3 1 0 1 0 1
"ukb-b-4868" 0 0 0 0 0 0
"ukb-b-12433" 2 0 0 0 0 0
"ukb-b-11542" 0 0 0 0 0 0
"ukb-b-2218" 0 0 0 0 0 0
"ukb-b-9708" 0 1 0 0 0 0
"ukb-b-9508" 3 0 0 0 0 0
"ukb-b-19862" 0 0 0 0 0 0
"ukb-b-1350" 0 0 0 0 0 0
"ukb-b-16721" 0 0 0 0 0 0
"ukb-b-6562" 0 0 0 0 0 0
"ukb-b-18822" 0 0 0 0 0 0
"ukb-b-16662" 3 35 25 2 1 1
"ukb-b-12777" 1 0 0 0 0 0
"ukb-b-18532" 0 0 0 0 0 0
"ukb-b-13639" 0 0 0 0 0 0
"ukb-b-9333" 0 0 0 0 0 0
"ukb-b-3095" 0 0 0 0 0 0
"ukb-b-16585" 1 1 0 1 0 1
"ukb-b-3355" 0 0 0 0 0 0
"ukb-b-4820" 0 0 0 0 0 0
"ukb-b-3018" 1 0 0 0 0 0
"ukb-b-2669" 0 0 0 0 0 0
"ukb-b-11765" 0 0 0 0 0 0
"ukb-b-8668" 4 0 4 0 1 -1
"ukb-b-6400" 0 0 0 0 0 0
"ukb-b-2875" 0 0 0 0 0 0
"ukb-b-13151" 0 0 0 0 0 0
"ukb-b-16482" 0 0 0 0 0 0
"ukb-b-845" 210 522 502 88 91 -3
"ukb-b-14425" 0 0 0 0 0 0
"ukb-b-2002" 25 80 36 3 2 1
"ukb-b-20379" 44 20 60 6 10 -4
"ukb-b-11697" 0 0 0 0 0 0
"ukb-b-19166" 1 0 0 0 0 0
"ukb-b-20078" 0 0 0 0 0 0
"ukb-b-18099" 21 14 3 2 1 1
"ukb-b-8476" 16 1 1 1 1 0
"ukb-b-14576" 2 1 0 1 0 1
"ukb-b-235" 0 0 0 0 0 0
"ukb-b-19409" 0 0 0 0 0 0
"ukb-b-14145" 0 0 0 0 0 0
"ukb-b-10382" 1 1 0 1 0 1
"ukb-b-11285" 0 0 0 0 0 0
"ukb-b-11182" 7 15 17 2 2 0
"ukb-b-11563" 2 0 0 0 0 0
"ukb-b-533" 151 13646 13547 123 123 0
"ukb-b-4655" 8 0 0 0 0 0
"ukb-b-14654" 0 0 0 0 0 0
"ukb-b-19393" 435 1150 1187 137 150 -13
"ukb-b-8205" 0 0 0 0 0 0
"ukb-b-6251" 0 0 0 0 0 0
"ukb-b-15797" 1 17 0 1 0 1
"ukb-b-6608" 1 0 0 0 0 0
"ukb-b-6223" 1 0 0 0 0 0
"ukb-b-15528" 2 0 0 0 0 0
"ukb-b-15601" 0 0 0 0 0 0
"ukb-b-10829" 0 0 0 0 0 0
"ukb-b-3389" 0 0 0 0 0 0
"ukb-b-8105" 1 0 0 0 0 0
"ukb-b-13683" 0 0 0 0 0 0
"ukb-b-309" 0 0 0 0 0 0
"ukb-b-4740" 0 0 0 0 0 0
"ukb-b-7503" 0 0 0 0 0 0
"ukb-b-9960" 0 0 0 0 0 0
"ukb-b-7299" 1 0 0 0 0 0
"ukb-b-14961" 8 19 11 3 1 2
"ukb-b-11709" 1 0 0 0 0 0
"ukb-b-4068" 121 29 29 11 10 1
"ukb-b-18102" 0 0 0 0 0 0
"ukb-b-18389" 0 0 0 0 0 0
"ukb-b-5759" 1 0 0 0 0 0
"ukb-b-7926" 1 0 0 0 0 0
"ukb-b-266" 0 0 0 0 0 0
"ukb-b-5257" 0 0 0 0 0 0
"ukb-b-6519" 67 116 128 15 8 7
"ukb-b-20515" 1 0 0 0 0 0
"ukb-b-14918" 0 0 0 0 0 0
"ukb-b-20168" 3 0 0 0 0 0
"ukb-b-17687" 2 0 2 0 1 -1
"ukb-b-13251" 23 35 28 11 10 1
"ukb-b-20498" 33 11 8 4 4 0
"ukb-b-9791" 0 0 0 0 0 0
"ukb-b-17601" 13 4 8 2 4 -2
"ukb-b-14210" 0 0 0 0 0 0
"ukb-b-10250" 5 0 20 0 3 -3
"ukb-b-588" 0 0 0 0 0 0
"ukb-b-10212" 1 0 0 0 0 0
"ukb-b-12617" 0 0 0 0 0 0
"ukb-b-3778" 2 0 0 0 0 0
"ukb-b-18611" 1 0 0 0 0 0
"ukb-b-13624" 0 0 0 0 0 0
"ukb-b-6353" 33 23 25 10 10 0
"ukb-b-6826" 0 0 0 0 0 0
"ukb-b-6888" 0 0 0 0 0 0
"ukb-b-1233" 0 0 0 0 0 0
"ukb-b-11463" 0 0 0 0 0 0
"ukb-b-16812" 5 0 0 0 0 0
"ukb-b-4982" 13 8 0 4 0 4
"ukb-b-19066" 1 0 0 0 0 0
"ukb-b-12801" 1 0 0 0 0 0
"ukb-b-7166" 1 0 0 0 0 0
"ukb-b-1044" 0 0 0 0 0 0
"ukb-b-3665" 0 0 0 0 0 0
"ukb-b-1153" 0 0 0 0 0 0
"ukb-b-5705" 0 0 0 0 0 0
"ukb-b-5664" 18 30 4 1 2 -1
"ukb-b-9882" 0 0 0 0 0 0
"ukb-b-9857" 1 0 0 0 0 0
"ukb-b-4783" 0 0 0 0 0 0
"ukb-b-4745" 0 0 0 0 0 0
"ukb-b-9275" 0 0 0 0 0 0
"ukb-b-507" 0 0 0 0 0 0
"ukb-b-2221" 3 0 0 0 0 0
"ukb-b-15836" 0 0 0 0 0 0
"ukb-b-12741" 0 0 0 0 0 0
"ukb-b-18477" 0 0 0 0 0 0
"ukb-b-6295" 1 0 0 0 0 0
"ukb-b-6994" 0 1 0 0 0 0
"ukb-b-11064" 5 41 54 2 3 -1
"ukb-b-5991" 1 4 0 1 0 1
"ukb-b-6415" 0 0 0 0 0 0
"ukb-b-11161" 0 0 0 0 0 0
"ukb-b-3646" 1 0 0 0 0 0
"ukb-b-11601" 12 15 14 2 3 -1
"ukb-b-4226" 36 135 164 15 12 3
"ukb-b-1645" 9 22 13 4 2 2
"ukb-b-18544" 0 0 0 0 0 0
"ukb-b-3044" 0 0 0 0 0 0
"ukb-b-15005" 0 0 0 0 0 0
"ukb-b-1830" 0 0 0 0 0 0
"ukb-b-11358" 9 13 2 2 1 1
"ukb-b-1392" 38 54 48 17 14 3
"ukb-b-6144" 1 0 0 0 0 0
"ukb-b-3083" 11 18 22 2 3 -1
"ukb-b-16989" 0 0 0 0 0 0
"ukb-b-14956" 0 0 0 0 0 0
"ukb-b-19064" 0 0 0 0 0 0
"ukb-b-9816" 0 0 0 0 0 0
"ukb-b-1733" 1 0 0 0 0 0
"ukb-b-4210" 1 0 0 0 0 0
"ukb-b-1814" 0 0 0 0 0 0
"ukb-b-4013" 0 0 0 0 0 0
"ukb-b-4465" 0 0 0 0 0 0
"ukb-b-7534" 0 0 0 0 0 0
"ukb-b-8549" 1 0 2 0 1 -1
"ukb-b-5209" 1 0 0 0 0 0
"ukb-b-14148" 0 0 0 0 0 0
"ukb-b-10787" 773 3559 3529 483 471 12
"ukb-b-5277" 1 0 0 0 0 0
"ukb-b-12483" 0 0 0 0 0 0
"ukb-b-18381" 2 0 1 0 0 0
"ukb-b-15718" 0 0 0 0 0 0
"ukb-b-872" 5 0 9 0 2 -2
"ukb-b-4693" 0 0 0 0 0 0
"ukb-b-13281" 1 0 0 0 0 0
"ukb-b-5716" 4 0 0 0 0 0
"ukb-b-10324" 0 0 0 0 0 0
"ukb-b-970" 38 48 34 5 7 -2
"ukb-b-6650" 1 0 0 0 0 0
"ukb-b-6217" 15 26 27 6 7 -1
"ukb-b-8687" 0 0 0 0 0 0
"ukb-b-12877" 0 0 0 0 0 0
"ukb-b-19045" 0 0 0 0 0 0
"ukb-b-5463" 222 528 508 95 91 4
"ukb-b-57" 0 0 0 0 0 0
"ukb-b-9050" 0 0 0 0 0 0
"ukb-b-11553" 0 0 0 0 0 0
"ukb-b-17456" 0 0 0 0 0 0
"ukb-b-12417" 8 1 4 1 2 -1
"ukb-b-14863" 1 0 0 0 0 0
"ukb-b-18572" 0 0 0 0 0 0
"ukb-b-2951" 2 0 0 0 0 0
"ukb-b-20038" 0 0 0 0 0 0
"ukb-b-4303" 1 5 6 0 0 0
"ukb-b-12122" 0 0 0 0 0 0
"ukb-b-16026" 0 0 0 0 0 0
"ukb-b-13248" 9 13 18 3 2 1
"ukb-b-7589" 1 0 0 0 0 0
"ukb-b-8810" 1 0 0 0 0 0
"ukb-b-6551" 0 0 0 0 0 0
"ukb-b-18007" 1 0 0 0 0 0
"ukb-b-15212" 1 0 0 0 0 0
"ukb-b-10217" 2 0 1 0 1 -1
"ukb-b-12217" 0 0 0 0 0 0
"ukb-b-10490" 0 0 0 0 0 0
"ukb-b-13803" 17 47 32 8 7 1
"ukb-b-9266" 0 0 0 0 0 0
"ukb-b-20155" 0 0 0 0 0 0
"ukb-b-4507" 0 0 0 0 0 0
"ukb-b-14461" 6 4 4 1 2 -1
"ukb-b-14238" 7 0 0 0 0 0
"ukb-b-17507" 1 0 0 0 0 0
"ukb-b-11906" 0 0 0 0 0 0
"ukb-b-7584" 10 16 17 2 2 0
"ukb-b-12654" 1 0 0 0 0 0
"ukb-b-10629" 8 1 11 1 2 -1
"ukb-b-16048" 6 27 21 3 3 0
"ukb-b-10831" 11 34 37 3 3 0
"ukb-b-11971" 3 4 0 1 0 1
"ukb-b-2399" 2 0 0 0 0 0
"ukb-b-5847" 0 0 0 0 0 0
"ukb-b-2375" 0 0 0 0 0 0
"ukb-b-4575" 23 55 63 10 10 0
"ukb-b-19266" 0 0 0 0 0 0
"ukb-b-16315" 0 0 0 0 0 0
"ukb-b-2415" 0 0 0 0 0 0
"ukb-b-4058" 0 0 0 0 0 0
"ukb-b-20486" 11 6 8 1 2 -1
"ukb-b-1917" 0 0 0 0 0 0
"ukb-b-3798" 0 0 0 0 0 0
"ukb-b-16862" 0 0 0 0 0 0
"ukb-b-20141" 17 25 25 6 7 -1
"ukb-b-8089" 17 0 4 0 3 -3
"ukb-b-20554" 0 0 0 0 0 0
"ukb-b-15784" 3 0 2 0 1 -1
"ukb-b-15960" 1 0 0 0 0 0
"ukb-b-5753" 1 0 0 0 0 0
"ukb-b-20544" 58 83 115 6 5 1
"ukb-b-10284" 0 0 0 0 0 0
"ukb-b-6306" 109 78 145 11 15 -4
"ukb-b-15340" 0 0 0 0 0 0
"ukb-b-11411" 12 31 30 5 6 -1
"ukb-b-6863" 3 8 7 3 2 1
"ukb-b-3217" 0 0 1 0 0 0
"ukb-b-11664" 0 0 0 0 0 0
"ukb-b-4540" 3 9 2 2 1 1
"ukb-b-2993" 2 0 0 0 0 0
"ukb-b-4310" 0 0 0 0 0 0
"ukb-b-19253" 0 0 0 0 0 0
"ukb-b-4531" 0 0 0 0 0 0
"ukb-b-12087" 0 0 0 0 0 0
"ukb-b-11705" 0 0 0 0 0 0
"ukb-b-14518" 0 0 0 0 0 0
"ukb-b-7372" 0 1 0 0 0 0
"ukb-b-20513" 0 0 0 0 0 0
"ukb-b-4880" 0 0 0 0 0 0
"ukb-b-2091" 1 0 0 0 0 0
"ukb-b-3831" 0 0 0 0 0 0
"ukb-b-10586" 0 0 0 0 0 0
"ukb-b-9668" 0 1 0 0 0 0
"ukb-b-2303" 448 1177 1235 147 145 2
"ukb-b-4554" 0 0 0 0 0 0
"ukb-b-9686" 1 0 0 0 0 0
"ukb-b-1251" 1 0 0 0 0 0
"ukb-b-3241" 0 0 0 0 0 0
"ukb-b-4817" 0 0 0 0 0 0
"ukb-b-10070" 0 0 0 0 0 0
"ukb-b-12885" 0 0 0 0 0 0
"ukb-b-1166" 0 0 0 0 0 0
"ukb-b-14171" 2 1 0 1 0 1
"ukb-b-12267" 5 26 19 3 1 2
"ukb-b-5068" 0 0 0 0 0 0
"ukb-b-17469" 0 0 0 0 0 0
"ukb-b-9523" 2 0 0 0 0 0
"ukb-b-2838" 0 0 0 0 0 0
"ukb-b-14050" 0 0 0 0 0 0
"ukb-b-4080" 368 976 991 147 158 -11
"ukb-b-15914" 0 0 0 0 0 0
"ukb-b-17219" 22 116 96 10 10 0
"ukb-b-15418" 11 12 18 3 3 0
"ukb-b-8887" 0 0 0 0 0 0
"ukb-b-12912" 19 6 4 6 4 2
"ukb-b-1261" 0 0 0 0 0 0
"ukb-b-20045" 1 0 0 0 0 0
"ukb-b-5436" 0 0 0 0 0 0
"ukb-b-10813" 1 1 0 0 0 0
"ukb-b-6548" 1 29 0 1 0 1
"ukb-b-14598" 6 0 0 0 0 0
"ukb-b-20057" 0 0 1 0 0 0
"ukb-b-5031" 0 0 0 0 0 0
"ukb-b-1176" 0 0 0 0 0 0
"ukb-b-9897" 0 0 0 0 0 0
"ukb-b-8092" 0 0 0 0 0 0
"ukb-b-7739" 0 0 0 0 0 0
"ukb-b-11605" 4 0 0 0 0 0
"ukb-b-5580" 0 0 0 0 0 0
"ukb-b-18200" 163 458 415 61 65 -4
"ukb-b-10753" 71 219 200 27 30 -3
"ukb-b-17194" 2 2 2 2 2 0
"ukb-b-5326" 0 0 0 0 0 0
"ukb-b-17885" 6 30 31 1 3 -2
"ukb-b-6324" 23 13 12 2 3 -1
"ukb-b-12499" 2 0 0 0 0 0
"ukb-b-10061" 0 0 0 0 0 0
"ukb-b-13731" 0 0 0 0 0 0
"ukb-b-2634" 2 0 0 0 0 0
"ukb-b-5553" 2 0 3 0 0 0
"ukb-b-11231" 2 15 12 1 1 0
"ukb-b-12064" 1 0 0 0 0 0
"ukb-b-1480" 0 0 0 0 0 0
"ukb-b-3852" 0 0 0 0 0 0
"ukb-b-15200" 0 0 0 0 0 0
"ukb-b-3370" 0 0 0 0 0 0
"ukb-b-13501" 0 0 0 0 0 0
"ukb-b-930" 2 0 0 0 0 0
"ukb-b-1419" 13 10 9 2 1 1
"ukb-b-8792" 0 0 0 0 0 0
"ukb-b-19419" 0 0 0 0 0 0
"ukb-b-11886" 0 0 0 0 0 0
"ukb-b-4078" 21 3 3 2 3 -1
"ukb-b-16597" 6 0 0 0 0 0
"ukb-b-12828" 513 1998 2068 220 225 -5
"ukb-b-10979" 0 0 0 0 0 0
"ukb-b-11459" 0 0 0 0 0 0
"ukb-b-10098" 0 0 0 0 0 0
"ukb-b-5253" 0 0 0 0 0 0
"ukb-b-10857" 1 1 0 0 0 0
"ukb-b-19732" 122 323 346 46 47 -1
"ukb-b-676" 0 5 0 0 0 0
"ukb-b-20447" 0 0 0 0 0 0
"ukb-b-3273" 0 0 0 0 0 0
"ukb-b-11491" 1 0 0 0 0 0
"ukb-b-2426" 0 0 0 0 0 0
"ukb-b-6852" 211 289 278 73 70 3
"ukb-b-6549" 0 0 0 0 0 0
"ukb-b-2964" 0 0 0 0 0 0
"ukb-b-12687" 2 2 0 0 0 0
"ukb-b-5945" 122 145 148 38 38 0
"ukb-b-17845" 0 0 0 0 0 0
"ukb-b-2346" 6 0 0 0 0 0
"ukb-b-14765" 2 0 1 0 0 0
"ukb-b-11004" 0 0 0 0 0 0
"ukb-b-16202" 0 0 0 0 0 0
"ukb-b-6027" 194 494 477 88 82 6
"ukb-b-7128" 0 0 0 0 0 0
"ukb-b-9592" 5 35 16 2 3 -1
"ukb-b-2729" 0 0 0 0 0 0
"ukb-b-1209" 11 6 5 1 2 -1
"ukb-b-15564" 1 0 0 0 0 0
"ukb-b-7375" 0 0 0 0 0 0
"ukb-b-19713" 0 0 0 0 0 0
"ukb-b-9493" 0 0 0 0 0 0
"ukb-b-7864" 1 0 0 0 0 0
"ukb-b-3752" 1 0 0 0 0 0
"ukb-b-18235" 0 0 0 0 0 0
"ukb-b-17085" 4 12566 12358 3 4 -1
"ukb-b-8685" 0 0 0 0 0 0
"ukb-b-6616" 0 0 0 0 0 0
"ukb-b-4094" 31 16 26 1 6 -5
"ukb-b-8374" 0 0 0 0 0 0
"ukb-b-8724" 0 0 0 0 0 0
"ukb-b-12114" 0 0 0 0 0 0
"ukb-b-19560" 160 13694 13688 122 127 -5
"ukb-b-4178" 0 0 0 0 0 0
"ukb-b-1160" 1 0 0 0 0 0
"ukb-b-6576" 0 0 0 0 0 0
"ukb-b-17189" 1 0 0 0 0 0
"ukb-b-4930" 0 0 0 0 0 0
"ukb-b-13106" 0 0 0 0 0 0
"ukb-b-20175" 244 370 401 65 74 -9
"ukb-b-19955" 0 0 0 0 0 0
"ukb-b-12019" 136 219 151 31 31 0
"ukb-b-8210" 3 3 3 1 2 -1
"ukb-b-12974" 0 0 0 0 0 0
"ukb-b-1331" 0 0 0 0 0 0
"ukb-b-2055" 0 0 0 0 0 0
"ukb-b-960" 0 0 0 0 0 0
"ukb-b-17462" 2 0 0 0 0 0
"ukb-b-14189" 0 0 0 0 0 0
"ukb-b-11598" 7 7 5 4 2 2
"ukb-b-7460" 14 34 31 3 3 0
"ukb-b-2368" 0 0 0 0 0 0
"ukb-b-9369" 0 0 0 0 0 0
"ukb-b-8566" 0 0 1 0 0 0
"ukb-b-17823" 0 0 0 0 0 0
"ukb-b-6448" 1 0 1 0 0 0
"ukb-b-11020" 7 17 13 3 1 2
"ukb-b-16715" 0 0 0 0 0 0
"ukb-b-10505" 6 6 17 1 1 0
"ukb-b-13806" 2 12 11 1 1 0
"ukb-b-13160" 2 0 0 0 0 0
"ukb-b-13773" 0 0 0 0 0 0
"ukb-b-4280" 0 0 0 0 0 0
"ukb-b-9886" 2 0 0 0 0 0
"ukb-b-12841" 4 1 1 1 1 0
"ukb-b-1732" 1 0 0 0 0 0
"ukb-b-20549" 0 0 0 0 0 0
"ukb-b-15041" 0 0 0 0 0 0
"ukb-b-1935" 0 0 0 0 0 0
"ukb-b-17579" 0 0 0 0 0 0
"ukb-b-20432" 5 1 0 1 0 1
"ukb-b-11943" 0 0 0 0 0 0
"ukb-b-11680" 0 0 0 0 0 0
"ukb-b-2468" 2 0 0 0 0 0
"ukb-b-5504" 0 0 0 0 0 0
"ukb-b-3666" 4 0 0 0 0 0
"ukb-b-13190" 0 0 0 0 0 0
"ukb-b-20122" 0 0 0 0 0 0
"ukb-b-17805" 41 69 103 15 22 -7
"ukb-b-3693" 0 0 0 0 0 0
"ukb-b-5427" 0 0 0 0 0 0
"ukb-b-1763" 0 0 1 0 0 0
"ukb-b-14540" 565 2324 2357 260 262 -2
"ukb-b-17554" 0 0 0 0 0 0
"ukb-b-16878" 35 9 2 3 2 1
"ukb-b-2020" 0 0 0 0 0 0
"ukb-b-4007" 2 0 0 0 0 0
"ukb-b-8602" 10 12 17 1 2 -1
"ukb-b-7425" 0 0 0 0 0 0
"ukb-b-2400" 0 0 0 0 0 0
"ukb-b-8707" 0 0 0 0 0 0
"ukb-b-12944" 1 0 5 0 1 -1
"ukb-b-4024" 1 0 0 0 0 0
"ukb-b-15083" 0 0 0 0 0 0
"ukb-b-2603" 1 0 0 0 0 0
"ukb-b-9099" 12 16 12 2 2 0
"ukb-b-6811" 4 19 3 2 0 2
"ukb-b-2194" 0 0 0 0 0 0
"ukb-b-20289" 13 183 189 7 6 1
"ukb-b-6517" 0 0 0 0 0 0
"ukb-b-15297" 0 0 0 0 0 0
"ukb-b-12945" 0 0 0 0 0 0
"ukb-b-13545" 0 0 0 0 0 0
"ukb-b-9319" 0 0 0 0 0 0
"ukb-b-16407" 389 858 928 112 110 2
"ukb-b-18683" 6 0 18 0 2 -2
"ukb-b-3402" 0 0 0 0 0 0
"ukb-b-5053" 0 0 0 0 0 0
"ukb-b-10263" 3 0 0 0 0 0
"ukb-b-18509" 0 0 0 0 0 0
"ukb-b-2703" 1 0 0 0 0 0
"ukb-b-9253" 1 1 0 0 0 0
"ukb-b-18379" 1 0 0 0 0 0
"ukb-b-4579" 0 0 0 0 0 0
"ukb-b-12026" 1 0 0 0 0 0
"ukb-b-6458" 41 54 58 15 19 -4
"ukb-b-12047" 4 9 32 0 2 -2
"ukb-b-10167" 0 0 0 0 0 0
"ukb-b-7236" 1 32 0 1 0 1
"ukb-b-6092" 0 0 0 0 0 0
"ukb-b-3412" 0 0 0 0 0 0
"ukb-b-469" 3 23 25 2 2 0
"ukb-b-12901" 2 0 0 0 0 0
"ukb-b-12602" 0 0 0 0 0 0
"ukb-b-14615" 0 0 0 0 0 0
"ukb-b-19456" 13 8 15 3 3 0
"ukb-b-8797" 0 0 0 0 0 0
"ukb-b-18062" 6 3 8 2 1 1
"ukb-b-15591" 0 0 0 0 0 0
"ukb-b-1318" 1 0 6 0 1 -1
"ukb-b-10412" 4 1 1 1 1 0
"ukb-b-14452" 0 0 0 0 0 0
"ukb-b-217" 0 0 0 0 0 0
"ukb-b-10162" 0 0 0 0 0 0
"ukb-b-5495" 22 0 5 0 2 -2
"ukb-b-13743" 1 0 0 0 0 0
"ukb-b-16573" 0 0 0 0 0 0
"ukb-b-18023" 0 0 0 0 0 0
"ukb-b-12703" 0 0 0 0 0 0
"ukb-b-8369" 1 0 0 0 0 0
"ukb-b-11582" 1 1 0 1 0 1
"ukb-b-3132" 0 0 0 0 0 0
"ukb-b-6539" 0 0 0 0 0 0
"ukb-b-13891" 3 0 0 0 0 0
"ukb-b-17992" 0 0 0 0 0 0
"ukb-b-9565" 0 0 0 0 0 0
"ukb-b-3698" 0 0 0 0 0 0
"ukb-b-4104" 0 0 0 0 0 0
"ukb-b-9720" 1 0 0 0 0 0
"ukb-b-13775" 0 0 0 0 0 0
"ukb-b-7356" 0 0 0 0 0 0
"ukb-b-8988" 5 11 13 2 3 -1
"ukb-b-19304" 0 0 0 0 0 0
"ukb-b-4725" 1 0 0 0 0 0
"ukb-b-6026" 3 1 0 0 0 0
"ukb-b-15531" 0 0 0 0 0 0
"ukb-b-15230" 0 0 0 0 0 0
"ukb-b-11670" 0 0 0 0 0 0
"ukb-b-18157" 0 0 0 0 0 0
"ukb-b-16523" 0 0 0 0 0 0
"ukb-b-3027" 0 0 0 0 0 0
"ukb-b-12651" 20 69 90 14 11 3
"ukb-b-15136" 0 0 0 0 0 0
"ukb-b-15984" 0 0 0 0 0 0
"ukb-b-15787" 3 0 0 0 0 0
"ukb-b-14449" 0 0 0 0 0 0
"ukb-b-15768" 0 0 0 0 0 0
"ukb-b-10932" 0 0 0 0 0 0
"ukb-b-3650" 0 0 0 0 0 0
"ukb-b-18616" 0 0 0 0 0 0
"ukb-b-10188" 1 1 0 1 0 1
"ukb-b-17532" 1 0 0 0 0 0
"ukb-b-1744" 3 2 0 0 0 0
"ukb-b-1539" 1 0 0 0 0 0
"ukb-b-16100" 0 0 0 0 0 0
"ukb-b-16039" 1 0 0 0 0 0
"ukb-b-14674" 0 0 0 0 0 0
"ukb-b-17918" 79 246 305 26 35 -9
"ukb-b-17965" 0 0 0 0 0 0
"ukb-b-12339" 0 1 1 0 0 0
"ukb-b-12440" 95 120 99 34 30 4
"ukb-b-5633" 1 0 0 0 0 0
"ukb-b-14" 1 0 0 0 0 0
"ukb-b-17336" 0 0 0 0 0 0
"ukb-b-8877" 0 0 0 0 0 0
"ukb-b-12439" 0 0 0 0 0 0
"ukb-b-9874" 0 0 0 0 0 0
"ukb-b-11666" 0 0 0 0 0 0
"ukb-b-14746" 2 1 0 1 0 1
"ukb-b-151" 11 9 0 2 0 2
"ukb-b-11771" 0 0 0 0 0 0
"ukb-b-4790" 0 0 0 0 0 0
"ukb-b-39" 0 0 0 0 0 0
"ukb-b-10768" 0 0 0 0 0 0
"ukb-b-13978" 3 0 0 0 0 0
"ukb-b-12141" 16 6 10 2 4 -2
"ukb-b-4824" 0 0 0 0 0 0
"ukb-b-227" 0 0 0 0 0 0
"ukb-b-3859" 0 0 0 0 0 0
"ukb-b-18895" 0 0 0 0 0 0
"ukb-b-2105" 0 0 0 0 0 0
"ukb-b-12621" 0 0 0 0 0 0
"ukb-b-15094" 0 0 0 0 0 0
"ukb-b-5421" 3 0 0 0 0 0
"ukb-b-6721" 0 0 0 0 0 0
"ukb-b-17841" 19 25 14 3 5 -2
"ukb-b-14632" 0 0 0 0 0 0
"ukb-b-16751" 1 0 0 0 0 0
"ukb-b-4738" 0 0 0 0 0 0
"ukb-b-17441" 0 0 0 0 0 0
"ukb-b-15851" 327 14125 14142 255 244 11
"ukb-b-13079" 1 0 0 0 0 0
"ukb-b-2115" 0 0 0 0 0 0
"ukb-b-17733" 1 0 0 0 0 0
"ukb-b-295" 0 0 0 0 0 0
"ukb-b-5476" 10 0 1 0 0 0
"ukb-b-447" 0 0 0 0 0 0
"ukb-b-3196" 2 0 0 0 0 0
"ukb-b-9127" 4 14 15 2 2 0
"ukb-b-19791" 0 0 0 0 0 0
"ukb-b-19482" 0 0 0 0 0 0
"ukb-b-6445" 3 0 0 0 0 0
"ukb-b-2846" 1 0 3 0 1 -1
"ukb-b-14086" 0 0 0 0 0 0
"ukb-b-15769" 0 0 0 0 0 0
"ukb-b-14960" 1 0 0 0 0 0
"ukb-b-4062" 1 0 0 0 0 0
"ukb-b-1993" 0 0 0 0 0 0
"ukb-b-17241" 151 326 302 57 58 -1
"ukb-b-6185" 1 0 0 0 0 0
"ukb-b-11895" 11 9 4 2 1 1
"ukb-b-7844" 0 0 0 0 0 0
"ukb-b-12095" 9 6 10 1 2 -1
"ukb-b-4772" 12 22 22 6 6 0
"ukb-b-19086" 0 0 0 0 0 0
"ukb-b-9125" 8 99 115 5 4 1
"ukb-b-19350" 0 0 0 0 0 0
"ukb-b-9524" 1 0 1 0 1 -1
"ukb-b-19524" 0 0 0 0 0 0
"ukb-b-282" 3 0 0 0 0 0
"ukb-b-2209" 63 86 98 12 14 -2
"ukb-b-8080" 1 6 6 1 1 0
"ukb-b-15122" 0 0 0 0 0 0
"ukb-b-69" 0 0 0 0 0 0
"ukb-b-5251" 0 0 0 0 0 0
"ukb-b-5447" 188 496 453 82 78 4
"ukb-b-17533" 0 0 0 0 0 0
"ukb-b-16677" 4 0 11 0 2 -2
"ukb-b-14310" 510 2003 2072 218 226 -8
"ukb-b-18408" 29 75 81 7 10 -3
"ukb-b-2854" 0 0 0 0 0 0
"ukb-b-1252" 2 0 1 0 1 -1
"ukb-b-3499" 0 0 0 0 0 0
"ukb-b-15761" 0 0 0 0 0 0
"ukb-b-1658" 0 0 0 0 0 0
"ukb-b-5968" 0 0 0 0 0 0
"ukb-b-14690" 0 0 0 0 0 0
"ukb-b-6351" 1 18 0 0 0 0
"ukb-b-19579" 10 21 12 4 4 0
"ukb-b-14067" 3 0 0 0 0 0
"ukb-b-2862" 17 2 19 1 4 -3
"ukb-b-5359" 1 1 1 1 1 0
"ukb-b-1962" 6 6 4 1 1 0
"ukb-b-13556" 1 0 0 0 0 0
"ukb-b-10281" 1 1 0 1 0 1
"ukb-b-1092" 0 0 0 0 0 0
"ukb-b-13464" 0 0 0 0 0 0
"ukb-b-16207" 1 0 0 0 0 0
"ukb-b-5590" 0 0 0 0 0 0
"ukb-b-12332" 2 0 0 0 0 0
"ukb-b-12474" 0 0 0 0 0 0
"ukb-b-17848" 55 110 123 20 24 -4
"ukb-b-16454" 0 0 0 0 0 0
"ukb-b-16309" 0 0 0 0 0 0
"ukb-b-4526" 1 0 1 0 1 -1
"ukb-b-2414" 0 0 0 0 0 0
"ukb-b-11874" 3 44 55 2 2 0
"ukb-b-5238" 79 158 66 15 12 3
"ukb-b-13770" 0 0 0 0 0 0
"ukb-b-19354" 0 0 0 0 0 0
"ukb-b-7932" 2 0 1 0 1 -1
"ukb-b-1806" 5 3 0 0 0 0
"ukb-b-7759" 0 0 0 0 0 0
"ukb-b-11572" 1 4 1 1 0 1
"ukb-b-6429" 0 0 0 0 0 0
"ukb-b-12058" 0 0 0 0 0 0
"ukb-b-15287" 0 0 0 0 0 0
"ukb-b-4417" 0 0 0 0 0 0
"ukb-b-15245" 0 0 0 0 0 0
"ukb-b-9598" 0 0 0 0 0 0
"ukb-b-6528" 1 0 0 0 0 0
"ukb-b-7831" 0 0 0 0 0 0
"ukb-b-13217" 0 0 0 0 0 0
"ukb-b-18163" 1 0 1 0 1 -1
"ukb-b-13380" 0 0 0 0 0 0
"ukb-b-8468" 23 65 57 7 6 1
"ukb-b-13121" 0 0 0 0 0 0
"ukb-b-6992" 0 0 0 0 0 0
"ukb-b-2630" 1 0 0 0 0 0
"ukb-b-16868" 16 27 28 7 8 -1
"ukb-b-4961" 2 0 0 0 0 0
"ukb-b-175" 1 0 0 0 0 0
"ukb-b-15835" 0 0 0 0 0 0
"ukb-b-15766" 0 0 0 0 0 0
"ukb-b-19078" 1 14 13 0 0 0
"ukb-b-13764" 30 65 74 3 7 -4
"ukb-b-15357" 0 0 0 0 0 0
"ukb-b-1503" 1 0 0 0 0 0
"ukb-b-9040" 0 0 0 0 0 0
"ukb-b-12276" 0 0 0 0 0 0
"ukb-b-338" 0 0 0 0 0 0
"ukb-b-13348" 18 11 23 3 8 -5
"ukb-b-10056" 0 0 0 0 0 0
"ukb-b-2561" 0 0 0 0 0 0
"ukb-b-19207" 0 0 0 0 0 0
"ukb-b-8929" 15 37 11 5 2 3
"ukb-b-9581" 0 0 0 0 0 0
"ukb-b-20477" 2 0 0 0 0 0
"ukb-b-10937" 1 0 0 0 0 0
"ukb-b-15826" 0 0 0 0 0 0
"ukb-b-11618" 0 0 0 0 0 0
"ukb-b-8631" 13 12414 12575 9 11 -2
"ukb-b-18009" 96 180 188 32 31 1
"ukb-b-779" 0 0 0 0 0 0
"ukb-b-18445" 0 0 0 0 0 0
"ukb-b-11615" 88 123 127 12 11 1
"ukb-b-19071" 44 47 53 12 15 -3
"ukb-b-9321" 2 0 1 0 1 -1
"ukb-b-7469" 7 6 15 2 2 0
"ukb-b-14211" 0 0 0 0 0 0
"ukb-b-9696" 0 0 0 0 0 0
"ukb-b-589" 22 13 15 3 3 0
"ukb-b-14037" 1 0 0 0 0 0
"ukb-b-11274" 0 0 0 0 0 0
"ukb-b-8301" 1 0 0 0 0 0
"ukb-b-15197" 0 0 0 0 0 0
"ukb-b-6266" 3 2 2 1 1 0
"ukb-b-2625" 0 0 0 0 0 0
"ukb-b-5627" 0 0 0 0 0 0
"ukb-b-13912" 1 0 0 0 0 0
"ukb-b-2189" 1 0 0 0 0 0
"ukb-b-14147" 29 38 38 3 4 -1
"ukb-b-5382" 1 0 0 0 0 0
"ukb-b-9312" 0 0 0 0 0 0
"ukb-b-1762" 0 0 0 0 0 0
"ukb-b-12566" 0 0 0 0 0 0
"ukb-b-8777" 1 0 1 0 0 0
"ukb-b-6392" 0 0 0 0 0 0
"ukb-b-10485" 0 0 0 0 0 0
"ukb-b-12604" 0 0 0 0 0 0
"ukb-b-11113" 212 311 319 74 77 -3
"ukb-b-15178" 145 236 276 61 63 -2
"ukb-b-16126" 0 0 0 0 0 0
"ukb-b-8703" 0 0 0 0 0 0
"ukb-b-11002" 0 0 0 0 0 0
"ukb-b-4909" 0 0 0 0 0 0
"ukb-b-12366" 0 0 0 0 0 0
"ukb-b-18718" 2 1 0 1 0 1
"ukb-b-6727" 40 11 9 2 3 -1
"ukb-b-15654" 4 0 0 0 0 0
"ukb-b-8720" 1 0 2 0 1 -1
"ukb-b-13583" 14 2 8 2 3 -1
"ukb-b-7760" 0 0 0 0 0 0
"ukb-b-11639" 1 2 0 1 0 1
"ukb-b-9942" 8 1 4 1 2 -1
"ukb-b-14360" 3 3 0 1 0 1
"ukb-b-10554" 0 0 0 0 0 0
"ukb-b-13401" 0 0 0 0 0 0
"ukb-b-7135" 6 9 5 2 2 0
"ukb-b-7872" 3 0 0 0 0 0
"ukb-b-16890" 19 36 34 8 8 0
"ukb-b-3229" 0 0 0 0 0 0
"ukb-b-8491" 0 0 0 0 0 0
"ukb-b-11535" 5 0 0 0 0 0
"ukb-b-19447" 0 0 0 0 0 0
"ukb-b-12493" 71 85 114 20 17 3
"ukb-b-12465" 8 50 54 4 3 1
"ukb-b-16118" 0 0 0 0 0 0
"ukb-b-16946" 0 0 0 0 0 0
"ukb-b-17289" 13 12 2 2 1 1
"ukb-b-17587" 0 0 0 0 0 0
"ukb-b-4942" 0 0 1 0 0 0
"ukb-b-17612" 40 74 59 13 15 -2
"ukb-b-13247" 0 0 0 0 0 0
"ukb-b-12466" 0 0 0 0 0 0
"ukb-b-1712" 2 12 0 1 0 1
"ukb-b-11268" 41 87 82 17 16 1
"ukb-b-18956" 1 0 0 0 0 0
"ukb-b-18596" 6 2 1 1 0 1
"ukb-b-14446" 0 0 0 0 0 0
"ukb-b-4001" 0 0 0 0 0 0
"ukb-b-2533" 0 0 0 0 0 0
"ukb-b-12879" 0 0 0 0 0 0
"ukb-b-13184" 18 1 5 1 2 -1
"ukb-b-7244" 0 0 0 0 0 0
"ukb-b-16193" 0 0 0 0 0 0
"ukb-b-20421" 0 0 0 0 0 0
"ukb-b-6989" 1 0 0 0 0 0
"ukb-b-7422" 51 104 108 13 12 1
"ukb-b-9340" 0 0 0 0 0 0
"ukb-b-12646" 8 0 0 0 0 0
"ukb-b-12549" 0 0 0 0 0 0
"ukb-b-14796" 3 5 5 1 1 0
"ukb-b-12765" 3 8 5 2 1 1
"ukb-b-20382" 0 0 1 0 0 0
"ukb-b-10387" 0 0 0 0 0 0
"ukb-b-10289" 0 0 0 0 0 0
"ukb-b-3540" 0 0 4 0 0 0
"ukb-b-13920" 0 0 0 0 0 0
"ukb-b-4286" 1 0 0 0 0 0
"ukb-b-20190" 0 0 0 0 0 0
"ukb-b-19829" 2 0 0 0 0 0
"ukb-b-17043" 0 0 0 0 0 0
"ukb-b-14560" 0 0 0 0 0 0
"ukb-b-11349" 1 0 0 0 0 0
"ukb-b-1675" 0 1 0 0 0 0
"ukb-b-18096" 427 1119 1086 138 138 0
"ukb-b-14757" 0 0 1 0 0 0
"ukb-b-16201" 0 0 0 0 0 0
"ukb-b-20296" 104 412 354 48 41 7
"ukb-b-19779" 1 0 0 0 0 0
"ukb-b-19255" 0 0 0 0 0 0
"ukb-b-6066" 41 38 38 7 9 -2
"ukb-b-17859" 0 0 0 0 0 0
"ukb-b-10712" 1 0 0 0 0 0
"ukb-b-8278" 0 0 0 0 0 0
"ukb-b-8172" 0 0 0 0 0 0
"ukb-b-15272" 2 0 1 0 1 -1
"ukb-b-6824" 0 0 0 0 0 0
"ukb-b-17223" 0 0 0 0 0 0
"ukb-b-10298" 0 0 0 0 0 0
"ukb-b-19073" 1 0 0 0 0 0
"ukb-b-19262" 0 0 0 0 0 0
"ukb-b-7663" 6 17 0 1 0 1
"ukb-b-10145" 0 0 0 0 0 0
"ukb-b-1004" 3 0 0 0 0 0
"ukb-b-16818" 1 0 0 0 0 0
"ukb-b-1822" 0 0 0 0 0 0
"ukb-b-9056" 0 0 0 0 0 0
"ukb-b-12938" 0 0 0 0 0 0
"ukb-b-17836" 9 39 21 3 2 1
"ukb-b-17671" 0 0 0 0 0 0
"ukb-b-13673" 0 0 0 0 0 0
"ukb-b-197" 0 0 0 0 0 0
"ukb-b-2895" 0 0 0 0 0 0
"ukb-b-7237" 0 0 0 0 0 0
"ukb-b-17079" 0 0 0 0 0 0
"ukb-b-5316" 0 0 0 0 0 0
"ukb-b-1867" 2 0 0 0 0 0
"ukb-b-3881" 55 50 82 10 12 -2
"ukb-b-10769" 0 0 0 0 0 0
"ukb-b-11052" 1 2 5 0 1 -1
"ukb-b-12722" 4 6 2 3 0 3
"ukb-b-9971" 17 84 90 9 10 -1
"ukb-b-8755" 14 36 47 3 4 -1
"ukb-b-11282" 0 0 0 0 0 0
"ukb-b-1302" 0 0 0 0 0 0
"ukb-b-16061" 0 0 0 0 0 0
"ukb-b-17130" 0 0 0 0 0 0
"ukb-b-11588" 0 0 0 0 0 0
"ukb-b-15430" 0 0 0 0 0 0
"ukb-b-13883" 0 0 0 0 0 0
"ukb-b-17627" 11 29 10 5 0 5
"ukb-b-3145" 2 0 0 0 0 0
"ukb-b-12812" 0 0 0 0 0 0
"ukb-b-4876" 0 0 0 0 0 0
"ukb-b-18395" 0 0 0 0 0 0
"ukb-b-5188" 0 0 0 0 0 0
"ukb-b-9694" 0 0 0 0 0 0
"ukb-b-1996" 22 13 25 3 2 1
"ukb-b-7596" 0 0 0 0 0 0
"ukb-b-16217" 3 7 8 1 2 -1
"ukb-b-7582" 0 0 0 0 0 0
"ukb-b-13994" 0 0 0 0 0 0
"ukb-b-1046" 0 0 0 0 0 0
"ukb-b-1600" 0 0 0 0 0 0
"ukb-b-9547" 0 0 0 0 0 0
"ukb-b-7793" 0 0 0 0 0 0
"ukb-b-13584" 13 32 24 8 3 5
"ukb-b-12831" 1 0 0 0 0 0
"ukb-b-12181" 48 76 76 10 12 -2
"ukb-b-13932" 5 1 0 1 0 1
"ukb-b-328" 3 0 0 0 0 0
"ukb-b-13841" 1 0 0 0 0 0
"ukb-b-8637" 0 0 0 0 0 0
"ukb-b-4170" 0 0 0 0 0 0
"ukb-b-15918" 5 11 6 1 1 0
"ukb-b-14649" 2 0 0 0 0 0
"ukb-b-20437" 1 0 0 0 0 0
"ukb-b-9685" 573 2325 2340 274 272 2
"ukb-b-6569" 0 0 0 0 0 0
"ukb-b-15661" 0 0 0 0 0 0
"ukb-b-12561" 0 0 0 0 0 0
"ukb-b-2535" 4 0 0 0 0 0
"ukb-b-15895" 16 20 19 7 6 1
"ukb-b-9386" 0 0 0 0 0 0
"ukb-b-4081" 0 0 0 0 0 0
"ukb-b-3586" 0 0 0 0 0 0
"ukb-b-8088" 0 0 0 0 0 0
"ukb-b-905" 0 0 0 0 0 0
"ukb-b-5369" 14 29 18 4 3 1
"ukb-b-3467" 0 0 0 0 0 0
"ukb-b-12040" 10 31 28 5 5 0
"ukb-b-10847" 0 0 0 0 0 0
"ukb-b-6951" 2 34 6 2 1 1
"ukb-b-18240" 4 0 0 0 0 0
"ukb-b-9991" 0 0 0 0 0 0
"ukb-b-20415" 0 0 0 0 0 0
"ukb-b-19716" 0 0 0 0 0 0
"ukb-b-12556" 0 0 0 0 0 0
"ukb-b-12282" 0 0 0 0 0 0
"ukb-b-16345" 0 0 0 0 0 0
"ukb-b-8006" 8 1 0 0 0 0
"ukb-b-4566" 0 0 0 0 0 0
"ukb-b-10810" 7 8 4 4 2 2
"ukb-b-18377" 383 589 833 82 107 -25
"ukb-b-956" 0 0 0 0 0 0
"ukb-b-19950" 6 0 1 0 1 -1
"ukb-b-3469" 1 18 0 1 0 1
"ukb-b-14782" 6 1 0 1 0 1
"ukb-b-4141" 11 9 18 3 6 -3
"ukb-b-7085" 1 0 0 0 0 0
"ukb-b-9039" 0 0 0 0 0 0
"ukb-b-20292" 27 77 90 6 5 1
"ukb-b-12623" 0 0 0 0 0 0
"ukb-b-18279" 0 0 0 0 0 0
"ukb-b-12854" 394 906 936 126 121 5
"ukb-b-19585" 6 2 0 1 0 1
"ukb-b-2083" 0 0 0 0 0 0
"ukb-b-18095" 0 0 0 0 0 0
"ukb-b-8221" 1 0 0 0 0 0
"ukb-b-14157" 0 0 0 0 0 0
"ukb-b-10325" 0 0 0 0 0 0
"ukb-b-3255" 0 0 0 0 0 0
"ukb-b-7420" 1 0 0 0 0 0
"ukb-b-5239" 19 6 16 3 4 -1
"ukb-b-20178" 1 0 0 0 0 0
"ukb-b-15606" 0 0 0 0 0 0
"ukb-b-11480" 109 153 148 45 41 4
"ukb-b-11247" 3 40 12 2 2 0
"ukb-b-14885" 0 0 0 0 0 0
"ukb-b-2772" 77 53 30 12 12 0
"ukb-b-15338" 0 0 0 0 0 0
"ukb-b-20542" 0 0 0 0 0 0
"ukb-b-10144" 0 0 0 0 0 0
"ukb-b-18758" 0 0 0 0 0 0
"ukb-b-8147" 14 47 14 4 2 2
"ukb-b-8842" 0 0 0 0 0 0
"ukb-b-11272" 0 0 0 0 0 0
"ukb-b-11447" 0 0 0 0 0 0
"ukb-b-13080" 0 0 0 0 0 0
"ukb-b-19837" 0 0 0 0 0 0
"ukb-b-5811" 0 0 0 0 0 0
"ukb-b-7428" 0 0 0 0 0 0
"ukb-b-4963" 0 0 0 0 0 0
"ukb-b-15832" 0 0 0 0 0 0
"ukb-b-17032" 0 0 0 0 0 0
"ukb-b-15096" 10 1 6 1 1 0
"ukb-b-1310" 1 0 0 0 0 0
"ukb-b-5666" 9 11 11 3 2 1
"ukb-b-11567" 0 0 0 0 0 0
"ukb-b-9509" 0 0 0 0 0 0
"ukb-b-10001" 0 0 0 0 0 0
"ukb-b-19806" 0 0 0 0 0 0
"ukb-b-13416" 193 288 286 73 73 0
"ukb-b-10827" 8 2 8 1 3 -2
"ukb-b-20118" 1 0 2 0 1 -1
"ukb-b-5855" 1 0 0 0 0 0
"ukb-b-8107" 0 0 0 0 0 0
"ukb-b-11632" 12 24 12 5 1 4
"ukb-b-13535" 1 0 0 0 0 0
"ukb-b-18275" 35 6 12 5 5 0
"ukb-b-12036" 0 0 0 0 0 0
"ukb-b-11189" 3 48 36 2 2 0
"ukb-b-7408" 48 71 110 6 8 -2
"ukb-b-1061" 11 7 12 2 3 -1
"ukb-b-18819" 0 0 0 0 0 0
"ukb-b-20349" 0 0 0 0 0 0
"ukb-b-11048" 0 0 0 0 0 0
"ukb-b-12984" 0 0 0 0 0 0
"ukb-b-7280" 0 0 0 0 0 0
"ukb-b-16292" 0 0 0 0 0 0
"ukb-b-8800" 1 0 0 0 0 0
"ukb-b-20176" 1 11 1 1 0 1
"ukb-b-4630" 116 195 187 11 17 -6
"ukb-b-10694" 5 130 119 4 4 0
"ukb-b-16170" 0 0 0 0 0 0
"ukb-b-17133" 0 0 0 0 0 0
"ukb-b-4964" 0 0 0 0 0 0
"ukb-b-19390" 0 0 0 0 0 0
"ukb-b-17538" 0 0 0 0 0 0
"ukb-b-4569" 0 0 0 0 0 0
"ukb-b-10202" 0 0 0 0 0 0
"ukb-b-15780" 0 0 0 0 0 0
"ukb-b-10368" 0 0 0 0 0 0
"ukb-b-4423" 0 0 0 0 0 0
"ukb-b-20023" 0 0 0 0 0 0
"ukb-b-5863" 0 0 0 0 0 0
"ukb-b-8837" 17 13 44 5 10 -5
"ukb-b-7278" 11 28 20 4 3 1
"ukb-b-3388" 2 0 0 0 0 0
"ukb-b-3502" 2 0 0 0 0 0
"ukb-b-14149" 0 0 0 0 0 0
"ukb-b-11465" 1 0 0 0 0 0
"ukb-b-1579" 0 0 0 0 0 0
"ukb-b-8909" 395 947 962 122 122 0
"ukb-b-17309" 0 0 0 0 0 0
"ukb-b-16062" 0 0 0 0 0 0
"ukb-b-16847" 0 0 0 0 0 0
"ukb-b-419" 0 0 0 0 0 0
"ukb-b-11409" 0 0 0 0 0 0
"ukb-b-16150" 2 1 0 1 0 1
"ukb-b-3530" 0 0 0 0 0 0
"ukb-b-1765" 7 12 7 3 2 1
"ukb-b-4733" 21 12 8 2 3 -1
"ukb-b-12472" 0 0 0 0 0 0
"ukb-b-8746" 28 43 41 7 6 1
"ukb-b-16944" 0 0 0 0 0 0
"ukb-b-17685" 16 13 2 4 2 2
"ukb-b-8676" 0 0 0 0 0 0
"ukb-b-10477" 0 0 0 0 0 0
"ukb-b-16019" 3 15 17 1 1 0
"ukb-b-10537" 20 143 170 6 8 -2
"ukb-b-12165" 0 0 0 0 0 0
"ukb-b-14371" 8 34 33 2 2 0
"ukb-b-13845" 0 0 0 0 0 0
"ukb-b-6248" 0 0 0 0 0 0
"ukb-b-18189" 5 1 0 1 0 1
"ukb-b-19156" 0 0 0 0 0 0
"ukb-b-10646" 0 0 0 0 0 0
"ukb-b-20189" 0 0 0 0 0 0
"ukb-b-1220" 0 0 0 0 0 0
"ukb-b-17788" 4 0 0 0 0 0
"ukb-b-19158" 0 0 0 0 0 0
"ukb-b-18785" 0 0 0 0 0 0
"ukb-b-12836" 1 0 0 0 0 0
"ukb-b-4561" 0 0 0 0 0 0
"ukb-b-13616" 1 0 0 0 0 0
"ukb-b-12948" 63 161 188 20 26 -6
"ukb-b-337" 0 0 0 0 0 0
"ukb-b-3000" 0 0 0 0 0 0
"ukb-b-2483" 0 0 0 0 0 0
"ukb-b-2204" 0 0 0 0 0 0
"ukb-b-7150" 0 0 0 0 0 0
"ukb-b-18103" 293 326 245 119 97 22
"ukb-b-9346" 0 0 0 0 0 0
"ukb-b-5064" 0 0 0 0 0 0
"ukb-b-17348" 0 0 0 0 0 0
"ukb-b-12963" 0 0 0 0 0 0
"ukb-b-9093" 513 1974 2004 217 224 -7
"ukb-b-14516" 0 0 0 0 0 0
"ukb-b-18959" 1 0 0 0 0 0
"ukb-b-16030" 0 0 0 0 0 0
"ukb-b-5309" 1 0 0 0 0 0
"ukb-b-2525" 1 0 0 0 0 0
"ukb-b-12039" 490 1731 1795 188 188 0
"ukb-b-8196" 2 0 0 0 0 0
"ukb-b-12620" 0 0 0 0 0 0
"ukb-b-20386" 1 0 0 0 0 0
"ukb-b-8670" 0 0 0 0 0 0
"ukb-b-7205" 1 0 5 0 1 -1
"ukb-b-1508" 2 0 0 0 0 0
"ukb-b-12069" 0 0 0 0 0 0
"ukb-b-15085" 0 0 0 0 0 0
"ukb-b-8855" 0 0 0 0 0 0
"ukb-b-5172" 0 0 0 0 0 0
"ukb-b-6354" 1 0 0 0 0 0
"ukb-b-9591" 0 0 0 0 0 0
"ukb-b-8650" 22 68 58 8 6 2
"ukb-b-1865" 0 0 0 0 0 0
"ukb-b-15790" 0 0 0 0 0 0
"ukb-b-19790" 2 0 0 0 0 0
"ukb-b-9554" 1 0 0 0 0 0
"ukb-b-18366" 4 26 24 4 3 1
"ukb-b-2763" 0 0 0 0 0 0
"ukb-b-3656" 45 78 80 9 4 5
"ukb-b-4157" 0 0 0 0 0 0
"ukb-b-2963" 0 0 0 0 0 0
"ukb-b-5262" 37 51 68 11 10 1
"ukb-b-2750" 1 14 17 0 1 -1
"ukb-b-20124" 362 14283 14198 276 282 -6
"ukb-b-3193" 0 0 0 0 0 0
"ukb-b-11412" 1 0 0 0 0 0
"ukb-b-12191" 0 0 0 0 0 0
"ukb-b-223" 35 17 26 5 8 -3
"ukb-b-14541" 2 0 6 0 1 -1
"ukb-b-374" 1 0 0 0 0 0
"ukb-b-20172" 8 0 1 0 0 0
"ukb-b-11689" 1 0 0 0 0 0
"ukb-b-18953" 3 0 16 0 2 -2
"ukb-b-11972" 0 0 0 0 0 0
"ukb-b-13500" 5 30 49 1 2 -1
"ukb-b-14475" 0 0 0 0 0 0
"ukb-b-8425" 7 23 0 4 0 4
"ukb-b-16024" 0 0 0 0 0 0
"ukb-b-11262" 1 0 0 0 0 0
"ukb-b-11800" 0 0 0 0 0 0
"ukb-b-1316" 0 0 0 0 0 0
"ukb-b-16904" 1 0 0 0 0 0
"ukb-b-5361" 0 0 0 0 0 0
"ukb-b-9961" 5 11 8 1 1 0
"ukb-b-6798" 0 0 0 0 0 0
"ukb-b-7754" 0 0 0 0 0 0
"ukb-b-9981" 42 66 69 5 4 1
"ukb-b-12558" 1 0 0 0 0 0
"ukb-b-9597" 0 0 0 0 0 0
"ukb-b-14342" 2 1 1 0 1 -1
"ukb-b-6019" 6 26 29 2 2 0
"ukb-b-10008" 23 74 63 9 8 1
"ukb-b-14254" 1 0 0 0 0 0
"ukb-b-14257" 0 0 0 0 0 0
"ukb-b-93" 2 13 0 1 0 1
"ukb-b-10555" 1 0 0 0 0 0
"ukb-b-6214" 0 0 0 0 0 0
"ukb-b-15869" 5 0 0 0 0 0
"ukb-b-3725" 1 31 0 1 0 1
"ukb-b-129" 0 0 0 0 0 0
"ukb-b-1041" 0 0 0 0 0 0
"ukb-b-2126" 0 0 0 0 0 0
"ukb-b-8266" 0 0 0 0 0 0
"ukb-b-5559" 2 1 1 0 0 0
"ukb-b-16077" 0 0 0 0 0 0
"ukb-b-17243" 0 0 0 0 0 0
"ukb-b-16124" 0 0 0 0 0 0
"ukb-b-15775" 0 0 0 0 0 0
"ukb-b-5174" 22 35 22 6 5 1
"ukb-b-3433" 0 0 0 0 0 0
"ukb-b-4932" 1 0 0 0 0 0
"ukb-b-1511" 4 9 4 2 1 1
"ukb-b-20278" 2 0 13 0 1 -1
"ukb-b-7910" 5 0 0 0 0 0
"ukb-b-11348" 32 8 9 1 5 -4
"ukb-b-15860" 0 0 0 0 0 0
"ukb-b-9155" 0 0 0 0 0 0
"ukb-b-2769" 0 0 0 0 0 0
"ukb-b-20214" 8 2 0 0 0 0
"ukb-b-13114" 0 0 0 0 0 0
"ukb-b-16866" 3 0 8 0 1 -1
"ukb-b-3951" 0 0 0 0 0 0
"ukb-b-18198" 0 0 0 0 0 0
"ukb-b-1888" 0 0 0 0 0 0
"ukb-b-9025" 0 0 0 0 0 0
"ukb-b-5126" 2 7 0 1 0 1
"ukb-b-5011" 0 0 0 0 0 0
"ukb-b-19752" 0 0 0 0 0 0
"ukb-b-5942" 0 0 0 0 0 0
"ukb-b-16449" 0 0 0 0 0 0
"ukb-b-9537" 3 11 0 2 0 2
"ukb-b-10414" 0 0 0 0 0 0
"ukb-b-16855" 12 20 10 2 2 0
"ukb-b-18888" 0 0 0 0 0 0
"ukb-b-7748" 2 0 0 0 0 0
"ukb-b-15132" 0 0 0 0 0 0
"ukb-b-18786" 4 1 0 1 0 1
"ukb-b-17796" 0 0 0 0 0 0
"ukb-b-18226" 0 0 0 0 0 0
"ukb-b-19425" 0 0 0 0 0 0
"ukb-b-16641" 1 0 0 0 0 0
"ukb-b-12747" 0 0 0 0 0 0
"ukb-b-18659" 0 0 0 0 0 0
"ukb-b-17820" 0 0 0 0 0 0
"ukb-b-8714" 0 0 0 0 0 0
"ukb-b-9363" 1 0 0 0 0 0
"ukb-b-8124" 0 0 0 0 0 0
"ukb-b-16886" 5 0 0 0 0 0
"ukb-b-17271" 514 2045 2060 223 222 1
"ukb-b-2506" 1 0 3 0 1 -1
"ukb-b-13480" 0 0 0 0 0 0
"ukb-b-11725" 0 0 0 0 0 0
"ukb-b-18" 0 0 0 0 0 0
"ukb-b-3016" 0 0 0 0 0 0
"ukb-b-2047" 1 0 0 0 0 0
"ukb-b-9019" 0 0 0 0 0 0
"ukb-b-3143" 0 0 0 0 0 0
"ukb-b-12725" 0 0 0 0 0 0
"ukb-b-17814" 0 0 0 0 0 0
"ukb-b-744" 1 0 0 0 0 0
"ukb-b-13614" 1 1 0 1 0 1
"ukb-b-5764" 0 0 0 0 0 0
"ukb-b-18799" 41 53 64 10 13 -3
"ukb-b-13896" 0 0 0 0 0 0
"ukb-b-14146" 93 134 118 36 34 2
"ukb-b-18820" 2 0 0 0 0 0
"ukb-b-7753" 0 0 0 0 0 0
"ukb-b-9216" 0 0 0 0 0 0
"ukb-b-20142" 9 24 19 3 2 1
"ukb-b-14977" 0 0 0 0 0 0
"ukb-b-1337" 0 0 0 0 0 0
"ukb-b-11381" 0 0 0 0 0 0
"ukb-b-117" 1 0 1 0 1 -1
"ukb-b-6105" 0 0 0 0 0 0
"ukb-b-953" 0 0 0 0 0 0
"ukb-b-11241" 0 0 0 0 0 0
"ukb-b-7551" 0 0 0 0 0 0
"ukb-b-16872" 1 0 0 0 0 0
"ukb-b-1338" 1 2 2 1 1 0
"ukb-b-13473" 0 0 0 0 0 0
"ukb-b-3376" 5 0 0 0 0 0
"ukb-b-7138" 1 0 1 0 1 -1
"ukb-b-19391" 0 0 0 0 0 0
"ukb-b-19520" 517 1995 2014 234 230 4
"ukb-b-14436" 0 0 0 0 0 0
"ukb-b-7337" 20 3 11 1 0 1
"ukb-b-16288" 0 0 0 0 0 0
"ukb-b-4717" 131 217 232 56 53 3
"ukb-b-18436" 3 9 4 2 1 1
"ukb-b-17868" 6 6 4 1 1 0
"ukb-b-14624" 0 0 0 0 0 0
"ukb-b-3383" 2 0 1 0 1 -1
"ukb-b-3380" 0 0 0 0 0 0
"ukb-b-4637" 1 0 0 0 0 0
"ukb-b-19847" 1 0 0 0 0 0
"ukb-b-16287" 74 49 29 11 11 0
"ukb-b-16099" 512 2041 2063 222 222 0
"ukb-b-20261" 84 35 61 8 8 0
"ukb-b-3005" 1 0 8 0 1 -1
"ukb-b-19006" 0 0 0 0 0 0
"ukb-b-3975" 2 1 0 1 0 1
"ukb-b-11566" 2 6 0 1 0 1
"ukb-b-19236" 0 0 0 0 0 0
"ukb-b-17455" 0 0 0 0 0 0
"ukb-b-5655" 0 0 0 0 0 0
"ukb-b-657" 0 0 0 0 0 0
"ukb-b-13148" 25 116 99 12 9 3
"ukb-b-15926" 43 29 69 9 7 2
"ukb-b-7007" 1 3 3 1 1 0
"ukb-b-228" 0 0 0 0 0 0
"ukb-b-19386" 8 5 15 1 3 -2
"ukb-b-5474" 0 0 0 0 0 0
"ukb-b-7702" 0 0 0 0 0 0
"ukb-b-10903" 3 0 0 0 0 0
"ukb-b-1016" 0 0 0 0 0 0
"ukb-b-12780" 0 0 0 0 0 0
"ukb-b-4776" 0 0 0 0 0 0
"ukb-b-1255" 0 0 0 0 0 0
"ukb-b-20450" 1 0 0 0 0 0
"ukb-b-20464" 0 0 0 0 0 0
"ukb-b-9139" 1 0 10 0 1 -1
"ukb-b-868" 0 0 0 0 0 0
"ukb-b-19288" 0 0 0 0 0 0
"ukb-b-13435" 0 0 0 0 0 0
"ukb-b-19994" 142 171 177 48 43 5
"ukb-b-17300" 0 0 0 0 0 0
"ukb-b-2425" 2 0 0 0 0 0
"ukb-b-14322" 0 0 0 0 0 0
"ukb-b-15858" 0 0 0 0 0 0
"ukb-b-17324" 18 35 14 6 4 2
"ukb-b-3841" 1 0 0 0 0 0
"ukb-b-3542" 0 0 0 0 0 0
"ukb-b-16066" 0 0 0 0 0 0
"ukb-b-5362" 2 0 0 0 0 0
"ukb-b-17378" 2 1 0 1 0 1
"ukb-b-20162" 0 0 0 0 0 0
"ukb-b-2719" 0 0 0 0 0 0
"ukb-b-9207" 24 30 52 6 8 -2
"ukb-b-12506" 0 0 0 0 0 0
"ukb-b-2024" 2 0 0 0 0 0
"ukb-b-12510" 0 0 0 0 0 0
"ukb-b-1260" 4 0 1 0 1 -1
"ukb-b-212" 0 2 0 0 0 0
"ukb-b-12511" 0 0 0 0 0 0
"ukb-b-4075" 0 0 0 0 0 0
"ukb-b-7043" 4 2 0 1 0 1
"ukb-b-12939" 0 0 0 0 0 0
"ukb-b-203" 0 0 0 0 0 0
"ukb-b-3454" 10 20 13 4 3 1
"ukb-b-1190" 0 0 0 0 0 0
"ukb-b-2160" 12 13 18 3 5 -2
"ukb-b-4263" 6 0 1 0 1 -1
"ukb-b-4282" 3 0 4 0 2 -2
"ukb-b-13537" 7 1 2 1 1 0
"ukb-b-6885" 0 0 0 0 0 0
"ukb-b-7609" 4 19 21 2 3 -1
"ukb-b-9571" 7 8 12 1 2 -1
"ukb-b-8338" 421 1079 1165 137 141 -4
"ukb-b-2188" 0 0 0 0 0 0
"ukb-b-14068" 493 1245 1329 177 186 -9
"ukb-b-8115" 0 0 0 0 0 0
"ukb-b-7869" 10 40 44 3 2 1
"ukb-b-20017" 1 0 0 0 0 0
"ukb-b-16652" 0 0 0 0 0 0
"ukb-b-18909" 0 0 0 0 0 0
"ukb-b-5867" 1 0 2 0 1 -1
"ukb-b-13391" 0 0 0 0 0 0
"ukb-b-15175" 1 0 0 0 0 0
"ukb-b-9925" 0 0 0 0 0 0
"ukb-b-6031" 0 0 0 0 0 0
"ukb-b-13823" 81 72 59 10 8 2
"ukb-b-4710" 18 9 0 2 0 2
"ukb-b-3759" 0 0 0 0 0 0
"ukb-b-15151" 0 0 0 0 0 0
"ukb-b-14999" 0 0 0 0 0 0
"ukb-b-5821" 0 0 0 0 0 0
"ukb-b-8194" 0 0 0 0 0 0
"ukb-b-13354" 556 2324 2362 266 262 4
"ukb-b-3422" 1 0 0 0 0 0
"ukb-b-18194" 5 12406 12424 3 5 -2
"ukb-b-2035" 2 0 0 0 0 0
"ukb-b-15730" 210 522 502 88 91 -3
"ukb-b-3560" 1 0 0 0 0 0
"ukb-b-18897" 1 0 0 0 0 0
"ukb-b-17446" 0 0 0 0 0 0
"ukb-b-20196" 0 0 0 0 0 0
"ukb-b-11650" 90 130 134 38 37 1
"ukb-b-15582" 3 0 7 0 1 -1
"ukb-b-1666" 29 1 2 1 2 -1
"ukb-b-2029" 2 0 0 0 0 0
"ukb-b-7643" 0 0 0 0 0 0
"ukb-b-10623" 1 0 4 0 1 -1
"ukb-b-20208" 6 28 14 3 2 1
"ukb-b-4533" 0 0 0 0 0 0
"ukb-b-18788" 1 0 0 0 0 0
"ukb-b-18336" 6 29 0 2 0 2
"ukb-b-11740" 50 127 123 22 21 1
"ukb-b-7710" 16 16 15 7 4 3
"ukb-b-2966" 0 0 0 0 0 0
"ukb-b-546" 0 0 0 0 0 0
"ukb-b-11010" 0 0 0 0 0 0
"ukb-b-20307" 0 0 0 0 0 0
"ukb-b-4462" 0 0 0 0 0 0
"ukb-b-16128" 0 0 0 0 0 0
"ukb-b-2512" 0 0 0 0 0 0
"ukb-b-18372" 3 0 5 0 1 -1
"ukb-b-20032" 222 528 508 95 91 4
"ukb-b-9" 0 0 0 0 0 0
"ukb-b-10286" 0 0 0 0 0 0
"ukb-b-16559" 0 0 0 0 0 0
"ukb-b-19805" 2 4 2 1 0 1
"ukb-b-9917" 1 0 0 0 0 0
"ukb-b-6547" 0 0 0 0 0 0
"ukb-b-12043" 0 0 0 0 0 0
"ukb-b-15749" 0 0 0 0 0 0
"ukb-b-10806" 0 0 0 0 0 0
"ukb-b-4414" 3 0 0 0 0 0
"ukb-b-645" 188 269 251 60 62 -2
"ukb-b-1020" 2 9 6 1 1 0
"ukb-b-8888" 7 0 9 0 1 -1
"ukb-b-8624" 0 0 0 0 0 0
"ukb-b-16635" 0 0 0 0 0 0
"ukb-b-10565" 0 0 0 0 0 0
"ukb-b-9224" 2 9 1 1 1 0
"ukb-b-10830" 0 0 0 0 0 0
"ukb-b-17635" 0 0 0 0 0 0
"ukb-b-10852" 120 32 37 32 37 -5
"ukb-b-4323" 0 0 0 0 0 0
"ukb-b-14926" 7 0 4 0 2 -2
"ukb-b-13551" 0 0 0 0 0 0
"ukb-b-243" 0 0 0 0 0 0
"ukb-b-14417" 0 0 0 0 0 0
"ukb-b-3357" 70 88 59 21 16 5
"ukb-b-2823" 0 0 0 0 0 0
"ukb-b-13824" 0 0 0 0 0 0
"ukb-b-6412" 0 0 0 0 0 0
"ukb-b-14416" 0 0 0 0 0 0
"ukb-b-17409" 571 2339 2361 273 273 0
"ukb-b-17006" 0 0 0 0 0 0
"ukb-b-4424" 71 42 15 11 6 5
"ukb-b-7603" 0 0 0 0 0 0
"ukb-b-15491" 4 41 34 2 1 1
"ukb-b-8814" 0 0 0 0 0 0
"ukb-b-471" 0 0 1 0 0 0
"ukb-b-602" 0 0 0 0 0 0
"ukb-b-12313" 0 0 0 0 0 0
"ukb-b-6441" 0 0 0 0 0 0
"ukb-b-16040" 0 0 0 0 0 0
"ukb-b-3114" 0 0 0 0 0 0
"ukb-b-1390" 3 0 0 0 0 0
"ukb-b-6634" 0 0 0 0 0 0
"ukb-b-8133" 3 22 17 1 1 0
"ukb-b-13426" 0 0 0 0 0 0
"ukb-b-4943" 5 0 0 0 0 0
"ukb-b-1585" 1 0 0 0 0 0
"ukb-b-7896" 1 0 0 0 0 0
"ukb-b-7189" 0 0 0 0 0 0
"ukb-b-15592" 85 62 100 24 21 3
"ukb-b-13417" 0 0 0 0 0 0
"ukb-b-17191" 0 0 0 0 0 0
"ukb-b-139" 2 0 0 0 0 0
"ukb-b-12018" 4 5 0 1 0 1
"ukb-b-918" 2 6 2 1 1 0
"ukb-b-14180" 57 62 67 5 9 -4
"ukb-b-13567" 0 0 0 0 0 0
"ukb-b-1147" 0 0 0 0 0 0
"ukb-b-7217" 0 0 0 0 0 0
"ukb-b-16998" 15 2 1 2 0 2
"ukb-b-17952" 41 44 67 9 12 -3
"ukb-b-7212" 424 1091 1090 139 136 3
"ukb-b-13704" 6 27 24 3 4 -1
"ukb-b-2832" 0 0 0 0 0 0
"ukb-b-3073" 0 0 0 0 0 0
"ukb-b-10766" 0 0 0 0 0 0
"ukb-b-9487" 24 8 20 4 6 -2
"ukb-b-9054" 0 0 0 0 0 0
"ukb-b-6740" 1 0 0 0 0 0
"ukb-b-19109" 0 0 0 0 0 0
"ukb-b-19542" 0 0 0 0 0 0
"ukb-b-13651" 1 0 0 0 0 0
"ukb-b-311" 1 0 0 0 0 0
"ukb-b-10873" 0 0 0 0 0 0
"ukb-b-1604" 0 0 0 0 0 0
"ukb-b-13517" 10 17 21 5 6 -1
"ukb-b-12789" 0 0 0 0 0 0
"ukb-b-10224" 0 0 0 0 0 0
"ukb-b-9324" 0 0 0 0 0 0
"ukb-b-14603" 0 0 0 0 0 0
"ukb-b-4043" 0 0 0 0 0 0
"ukb-b-19110" 0 0 0 0 0 0
"ukb-b-732" 0 0 0 0 0 0
"ukb-b-18290" 3 12 8 1 1 0
"ukb-b-3897" 0 0 0 0 0 0
"ukb-b-9190" 5 0 0 0 0 0
"ukb-b-12067" 0 0 0 0 0 0
"ukb-b-9790" 1 0 0 0 0 0
"ukb-b-8184" 3 27 12 2 2 0
"ukb-b-18994" 48 18 50 6 5 1
"ukb-b-298" 18 0 6 0 1 -1
"ukb-b-13952" 1 3 0 1 0 1
"ukb-b-4122" 0 0 0 0 0 0
"ukb-b-13098" 0 0 0 0 0 0
"ukb-b-15541" 2 23 21 2 1 1
"ukb-b-2953" 4 1 2 1 1 0
"ukb-b-8114" 0 0 0 0 0 0
"ukb-b-13782" 3 20 14 2 2 0
"ukb-b-11880" 0 0 0 0 0 0
"ukb-b-16269" 0 0 0 0 0 0
"ukb-b-8390" 0 0 0 0 0 0
"ukb-b-9368" 0 0 0 0 0 0
"ukb-b-9930" 0 0 0 0 0 0
"ukb-b-9043" 0 0 0 0 0 0
"ukb-b-8102" 2 0 0 0 0 0
"ukb-b-16527" 0 0 0 0 0 0
"ukb-b-16781" 0 0 0 0 0 0
"ukb-b-19759" 2 1 3 1 2 -1
"ukb-b-1702" 2 0 6 0 1 -1
"ukb-b-5008" 0 0 0 0 0 0
"ukb-b-873" 0 0 0 0 0 0
"ukb-b-10248" 16 20 31 7 7 0
"ukb-b-14282" 0 0 0 0 0 0
"ukb-b-20187" 1 0 2 0 0 0
"ukb-b-16698" 523 1990 2031 230 230 0
"ukb-b-18167" 30 41 34 6 5 1
"ukb-b-10668" 1 0 0 0 0 0
"ukb-b-10880" 0 0 0 0 0 0
"ukb-b-8893" 0 0 0 0 0 0
"ukb-b-8875" 360 14283 14183 280 277 3
"ukb-b-8938" 1 0 0 0 0 0
"ukb-b-4953" 0 0 0 0 0 0
"ukb-b-17763" 0 0 0 0 0 0
"ukb-b-6358" 0 0 0 0 0 0
"ukb-b-12864" 0 0 0 0 0 0
"ukb-b-18113" 102 409 352 47 35 12
"ukb-b-15003" 0 0 0 0 0 0
"ukb-b-19546" 0 0 0 0 0 0
"ukb-b-9873" 1 0 0 0 0 0
"ukb-b-2456" 0 0 0 0 0 0
"ukb-b-7137" 13 41 43 4 4 0
"ukb-b-19204" 0 0 0 0 0 0
"ukb-b-5536" 0 0 0 0 0 0
"ukb-b-12930" 41 64 92 8 7 1
"ukb-b-12884" 0 0 0 0 0 0
"ukb-b-6987" 2 0 1 0 1 -1
"ukb-b-11298" 2 0 0 0 0 0
"ukb-b-7376" 489 1287 1357 188 191 -3
"ukb-b-14898" 41 25 25 6 6 0
"ukb-b-50" 0 0 0 0 0 0
"ukb-b-10409" 0 0 0 0 0 0
"ukb-b-8131" 0 0 0 0 0 0
"ukb-b-4233" 0 0 0 0 0 0
"ukb-b-8553" 0 0 0 0 0 0
"ukb-b-18712" 0 0 0 0 0 0
"ukb-b-15829" 16 46 61 4 6 -2
"ukb-b-6911" 0 0 0 0 0 0
"ukb-b-6806" 0 1 0 0 0 0
"ukb-b-19711" 0 0 0 0 0 0
"ukb-b-16956" 2 1 9 1 1 0
"ukb-b-5550" 1 0 0 0 0 0
"ukb-b-9107" 1 0 0 0 0 0
"ukb-b-8699" 0 0 0 0 0 0
"ukb-b-12911" 0 0 0 0 0 0
"ukb-b-12508" 0 0 0 0 0 0
"ukb-b-18150" 0 0 0 0 0 0
"ukb-b-12234" 0 0 0 0 0 0
"ukb-b-8013" 1 0 0 0 0 0
"ukb-b-19698" 1 1 0 0 0 0
"ukb-b-4373" 3 18 13 2 1 1
"ukb-b-18761" 2 0 0 0 0 0
"ukb-b-3957" 42 19 20 7 4 3
"ukb-b-530" 1 0 0 0 0 0
"ukb-b-12729" 0 0 0 0 0 0
"ukb-b-10559" 5 0 0 0 0 0
"ukb-b-14179" 32 23 10 4 3 1
"ukb-b-10102" 0 0 0 0 0 0
"ukb-b-10793" 0 0 0 0 0 0
"ukb-b-1968" 2 0 0 0 0 0
"ukb-b-19460" 0 0 0 0 0 0
"ukb-b-16254" 11 15 9 4 1 3
"ukb-b-8213" 0 0 0 0 0 0
"ukb-b-13513" 0 0 0 0 0 0
"ukb-b-10640" 0 0 0 0 0 0
"ukb-b-19769" 0 0 0 0 0 0
"ukb-b-13936" 0 0 0 0 0 0
"ukb-b-2219" 1 0 0 0 0 0
"ukb-b-12626" 0 0 0 0 0 0
"ukb-b-4274" 0 0 0 0 0 0
"ukb-b-12171" 1 0 0 0 0 0
"ukb-b-2582" 2 1 4 0 0 0
"ukb-b-19722" 2 0 0 0 0 0
"ukb-b-7815" 0 0 0 0 0 0
"ukb-b-17314" 0 0 0 0 0 0
"ukb-b-16879" 0 0 0 0 0 0
"ukb-b-8398" 11 24 16 5 6 -1
"ukb-b-4580" 0 0 0 0 0 0
"ukb-b-7435" 6 122 107 5 3 2
"ukb-b-8316" 1 0 0 0 0 0
"ukb-b-20359" 1 0 0 0 0 0
"ukb-b-19937" 0 0 0 0 0 0
"ukb-b-19050" 0 0 0 0 0 0
"ukb-b-8764" 15 4 38 1 1 0
"ukb-b-712" 0 0 0 0 0 0
"ukb-b-17527" 1 0 0 0 0 0
"ukb-b-15268" 0 0 0 0 0 0
"ukb-b-4394" 1 0 0 0 0 0
"ukb-b-622" 0 0 0 0 0 0
"ukb-b-7564" 0 0 0 0 0 0
"ukb-b-13330" 0 0 0 0 0 0
"ukb-b-19191" 0 0 0 0 0 0
"ukb-b-17967" 0 0 0 0 0 0
"ukb-b-18843" 3 0 0 0 0 0
"ukb-b-2732" 3 14 15 1 1 0
"ukb-b-16927" 1 0 0 0 0 0
"ukb-b-5143" 1 0 0 0 0 0
"ukb-b-11133" 0 0 0 0 0 0
"ukb-b-19703" 0 0 0 0 0 0
"ukb-b-10859" 3 5 9 1 1 0
"ukb-b-3855" 9 0 0 0 0 0
"ukb-b-16606" 6 37 41 2 2 0
"ukb-b-15508" 0 0 0 0 0 0
"ukb-b-837" 0 0 0 0 0 0
"ukb-b-3923" 0 0 0 0 0 0
"ukb-b-12386" 0 0 0 0 0 0
"ukb-b-16507" 1 0 0 0 0 0
"ukb-b-13447" 0 0 0 0 0 0
"ukb-b-7805" 0 1 0 0 0 0
"ukb-b-15983" 0 0 0 0 0 0
"ukb-b-5389" 0 0 0 0 0 0
"ukb-b-16557" 0 0 0 0 0 0
"ukb-b-16364" 0 0 0 0 0 0
"ukb-b-16917" 0 0 0 0 0 0
"ukb-b-14670" 5 0 22 0 2 -2
"ukb-b-17381" 10 1 2 1 1 0
"ukb-b-11065" 1 0 0 0 0 0
"ukb-b-5522" 5 2 1 1 1 0
"ukb-b-20193" 1 0 0 0 0 0
"ukb-b-12246" 0 0 0 0 0 0
"ukb-b-11025" 2 4 0 0 0 0
"ukb-b-13799" 20 2 0 1 0 1
"ukb-b-9835" 0 0 0 0 0 0
"ukb-b-20300" 10 58 48 5 4 1
"ukb-b-13609" 0 0 0 0 0 0
"ukb-b-1343" 0 0 0 0 0 0
"ukb-b-13745" 46 54 42 4 4 0
"ukb-b-4564" 4 1 0 0 0 0
"ukb-b-6140" 0 0 0 0 0 0
"ukb-b-17398" 2 0 0 0 0 0
"ukb-b-3304" 4 0 0 0 0 0
"ukb-b-4724" 0 0 0 0 0 0
"ukb-b-6748" 0 0 0 0 0 0
"ukb-b-8539" 1 0 0 0 0 0
"ukb-b-2299" 1 0 0 0 0 0
"ukb-b-17673" 1 0 0 0 0 0
"ukb-b-8085" 2 0 0 0 0 0
"ukb-b-19023" 2 0 0 0 0 0
"ukb-b-6267" 0 0 1 0 0 0
"ukb-b-8379" 2 0 0 0 0 0
"ukb-b-16146" 0 0 0 0 0 0
"ukb-b-19085" 0 0 0 0 0 0
"ukb-b-12357" 0 0 0 0 0 0
"ukb-b-20556" 0 0 0 0 0 0
"ukb-b-5602" 0 0 0 0 0 0
"ukb-b-17400" 44 4 25 4 6 -2
"ukb-b-6164" 1 0 3 0 1 -1
"ukb-b-14262" 0 0 0 0 0 0
"ukb-b-3258" 4 0 3 0 1 -1
"ukb-b-20145" 0 0 0 0 0 0
"ukb-b-15084" 0 0 0 0 0 0
"ukb-b-188" 0 0 0 0 0 0
"ukb-b-4944" 0 0 0 0 0 0
"ukb-b-7675" 0 0 0 0 0 0
"ukb-b-13392" 3 0 0 0 0 0
"ukb-b-18350" 0 0 0 0 0 0
"ukb-b-2146" 0 0 0 0 0 0
"ukb-b-19842" 2 0 0 0 0 0
"ukb-b-15746" 1 0 0 0 0 0
"ukb-b-3982" 0 0 0 0 0 0
"ukb-b-19379" 475 1268 1276 191 173 18
"ukb-b-17107" 0 0 0 0 0 0
"ukb-b-16187" 0 0 0 0 0 0
"ukb-b-13187" 0 0 0 0 0 0
"ukb-b-15074" 0 0 0 0 0 0
"ukb-b-5379" 23 9 15 2 3 -1
"ukb-b-17738" 2 3 1 1 1 0
"ukb-b-15695" 3 0 1 0 0 0
"ukb-b-8053" 0 0 0 0 0 0
"ukb-b-19550" 0 0 0 0 0 0
"ukb-b-3793" 7 1 0 1 0 1
"ukb-b-8961" 0 0 0 0 0 0
"ukb-b-15907" 0 0 0 0 0 0
"ukb-b-13525" 0 0 0 0 0 0
"ukb-b-15378" 2 0 5 0 1 -1
"ukb-b-185" 1 0 0 0 0 0
"ukb-b-1386" 1 0 0 0 0 0
"ukb-b-3278" 8 4 7 1 3 -2
"ukb-b-3444" 0 0 0 0 0 0
"ukb-b-8727" 6 7 29 1 1 0
"ukb-b-13026" 0 0 0 0 0 0
"ukb-b-4947" 1 0 0 0 0 0
"ukb-b-11261" 0 0 0 0 0 0
"ukb-b-5076" 10 0 2 0 1 -1
"ukb-b-2975" 0 0 0 0 0 0
"ukb-b-19130" 1 0 0 0 0 0
"ukb-b-12304" 0 1 0 0 0 0
"ukb-b-9306" 0 0 0 0 0 0
"ukb-b-4509" 0 0 0 0 0 0
"ukb-b-6087" 0 0 0 0 0 0
"ukb-b-2003" 0 0 0 0 0 0
"ukb-b-16256" 0 0 0 0 0 0
"ukb-b-16010" 0 0 0 0 0 0
"ukb-b-5850" 0 0 0 0 0 0
"ukb-b-6515" 0 0 0 0 0 0
"ukb-b-16376" 8 43 40 3 3 0
"ukb-b-13352" 224 481 462 78 83 -5
"ukb-b-3022" 0 0 0 0 0 0
"ukb-b-964" 21 33 36 8 9 -1
"ukb-b-7953" 320 863 808 118 116 2
"ukb-b-7385" 0 0 0 0 0 0
"ukb-b-13405" 88 64 146 11 18 -7
"ukb-b-13532" 1 0 0 0 0 0
"ukb-b-18297" 1 0 7 0 0 0
"ukb-b-16112" 0 0 0 0 0 0
"ukb-b-10164" 0 0 0 0 0 0
"ukb-b-3498" 0 0 0 0 0 0
"ukb-b-453" 0 3 0 0 0 0
"ukb-b-16702" 0 0 0 0 0 0
"ukb-b-14695" 4 0 1 0 1 -1
"ukb-b-3991" 1 0 0 0 0 0
"ukb-b-14396" 0 0 0 0 0 0
"ukb-b-5192" 113 93 116 17 16 1
"ukb-b-4256" 63 7 33 3 7 -4
"ukb-b-4779" 51 16 67 2 11 -9
"ukb-b-13246" 78 13496 13580 61 60 1
"ukb-b-13998" 0 0 0 0 0 0
"ukb-b-17049" 0 0 0 0 0 0
"ukb-b-14801" 3 27 20 2 1 1
"ukb-b-5460" 0 0 0 0 0 0
"ukb-b-11427" 0 0 0 0 0 0
"ukb-b-4874" 1 0 0 0 0 0
"ukb-b-19953" 458 1219 1263 151 148 3
"ukb-b-7294" 0 0 0 0 0 0
"ukb-b-20137" 0 0 0 0 0 0
"ukb-b-19132" 0 0 0 0 0 0
"ukb-b-14422" 8 15 9 5 2 3
"ukb-b-17102" 0 0 0 0 0 0
"ukb-b-18765" 1 0 0 0 0 0
"ukb-b-6011" 0 0 0 0 0 0
"ukb-b-2148" 79 62 80 19 25 -6
"ukb-b-6082" 1 0 0 0 0 0
"ukb-b-12051" 0 0 0 0 0 0
"ukb-b-14070" 6 109 125 3 4 -1
"ukb-b-6991" 44 28 23 5 7 -2
"ukb-b-13065" 16 2 4 1 3 -2
"ukb-b-5981" 0 0 0 0 0 0
"ukb-b-67" 0 0 0 0 0 0
"ukb-b-16139" 1 0 0 0 0 0
"ukb-b-16943" 0 0 0 0 0 0
"ukb-b-1366" 1 0 1 0 1 -1
"ukb-b-7211" 5 13 39 4 2 2
"ukb-b-3599" 5 189 179 5 5 0
"ukb-b-15767" 0 0 0 0 0 0
"ukb-b-3503" 0 0 0 0 0 0
"ukb-b-11492" 0 0 0 0 0 0
"ukb-b-13458" 0 0 0 0 0 0
"ukb-b-4171" 18 5 7 2 2 0
"ukb-b-3700" 34 35 26 13 7 6
"ukb-b-7763" 2 18 5 1 1 0
"ukb-b-703" 3 9 0 1 0 1
"ukb-b-15445" 9 193 168 6 6 0
"ukb-b-4770" 0 0 0 0 0 0
"ukb-b-11158" 5 0 0 0 0 0
"ukb-b-16340" 11 4 3 2 1 1
"ukb-b-12060" 0 0 0 0 0 0
"ukb-b-20410" 0 0 0 0 0 0
"ukb-b-18697" 0 0 0 0 0 0
"ukb-b-15904" 4 0 3 0 1 -1
"ukb-b-14351" 1 1 0 1 0 1
"ukb-b-8229" 0 0 0 0 0 0
"ukb-b-4667" 23 14 15 4 3 1
"ukb-b-16587" 0 0 0 0 0 0
"ukb-b-13423" 6 2 0 1 0 1
"ukb-b-9038" 3 0 0 0 0 0
"ukb-b-13350" 0 0 0 0 0 0
"ukb-b-17988" 1 0 0 0 0 0
"ukb-b-11207" 5 9 15 0 3 -3
"ukb-b-4288" 0 0 0 0 0 0
"ukb-b-11403" 0 0 0 0 0 0
"ukb-b-9940" 1 0 0 0 0 0
"ukb-b-13038" 1 2 0 1 0 1
"ukb-b-2393" 28 28 26 3 2 1
"ukb-b-373" 0 0 0 0 0 0
"ukb-b-5608" 0 0 0 0 0 0
"ukb-b-18457" 0 0 0 0 0 0
"ukb-b-5445" 4 0 0 0 0 0
"ukb-b-3211" 0 0 0 0 0 0
"ukb-b-12913" 0 0 0 0 0 0
"ukb-b-16426" 0 0 0 0 0 0
"ukb-b-15555" 5 1 1 1 0 1
"ukb-b-2183" 4 1 0 1 0 1
"ukb-b-14285" 0 0 0 0 0 0
"ukb-b-17291" 0 0 0 0 0 0
"ukb-b-4544" 0 0 0 0 0 0
"ukb-b-13696" 0 0 0 0 0 0
"ukb-b-748" 3 5 0 2 0 2
"ukb-b-9405" 374 782 870 98 117 -19
"ukb-b-17360" 16 6 8 1 1 0
"ukb-b-898" 1 0 0 0 0 0
"ukb-b-17277" 0 0 0 0 0 0
"ukb-b-16334" 0 0 0 0 0 0
"ukb-b-8442" 2 0 0 0 0 0
"ukb-b-14873" 0 0 0 0 0 0
"ukb-b-7647" 3 3 2 1 0 1
"ukb-b-8315" 0 0 0 0 0 0
"ukb-b-4063" 41 60 90 4 5 -1
"ukb-b-13003" 0 0 0 0 0 0
"ukb-b-7966" 0 0 0 0 0 0
"ukb-b-4674" 1 0 5 0 1 -1
"ukb-b-8607" 212 379 402 67 73 -6
"ukb-b-2804" 2 5 2 1 1 0
"ukb-b-17599" 1 0 0 0 0 0
"ukb-b-7478" 157 140 222 23 36 -13
"ukb-b-14182" 1 0 0 0 0 0
"ukb-b-16881" 602 2428 2356 343 330 13
"ukb-b-20140" 8 23 1 2 0 2
"ukb-b-15527" 9 11 10 1 1 0
"ukb-b-15025" 0 0 0 0 0 0
"ukb-b-8848" 1 0 0 0 0 0
"ukb-b-10807" 0 0 0 0 0 0
"ukb-b-2954" 4 0 2 0 1 -1
"ukb-b-12187" 0 0 0 0 0 0
"ukb-b-7443" 0 0 0 0 0 0
"ukb-b-20423" 0 0 0 0 0 0
"ukb-b-3337" 0 0 0 0 0 0
"ukb-b-7030" 2 0 0 0 0 0
"ukb-b-8428" 123 272 303 36 42 -6
"ukb-b-4956" 161 105 102 32 34 -2
"ukb-b-4476" 0 0 0 0 0 0
"ukb-b-2709" 1 0 2 0 1 -1
"ukb-b-9433" 4 0 5 0 0 0
"ukb-b-4379" 1 10 0 1 0 1
"ukb-b-14814" 0 0 0 0 0 0
"ukb-b-18629" 2 0 0 0 0 0
"ukb-b-2867" 1 0 0 0 0 0
"ukb-b-11188" 2 1 0 1 0 1
"ukb-b-12383" 0 0 0 0 0 0
"ukb-b-2053" 2 1 0 0 0 0
"ukb-b-10066" 1 4 5 1 1 0
"ukb-b-4277" 0 0 0 0 0 0
"ukb-b-8297" 3 3 1 2 1 1
"ukb-b-15251" 0 0 0 0 0 0
"ukb-b-17001" 0 0 0 0 0 0
"ukb-b-5018" 0 0 0 0 0 0
"ukb-b-5227" 2 5 0 1 0 1
"ukb-b-8517" 0 0 0 0 0 0
"ukb-b-2084" 1 0 0 0 0 0
"ukb-b-13346" 18 22 20 4 3 1
"ukb-b-17501" 0 0 0 0 0 0
"ukb-b-6352" 5 18 13 3 1 2
"ukb-b-11679" 0 0 0 0 0 0
"ukb-b-6063" 0 0 0 0 0 0
"ukb-b-2909" 16 0 10 0 2 -2
"ukb-b-15228" 0 0 1 0 0 0
"ukb-b-9568" 2 0 0 0 0 0
"ukb-b-14525" 1 0 0 0 0 0
"ukb-b-8348" 0 0 0 0 0 0
"ukb-b-7429" 0 0 0 0 0 0
"ukb-b-16156" 0 0 0 0 0 0
"ukb-b-29" 0 0 0 0 0 0
"ukb-b-7110" 0 0 0 0 0 0
"ukb-b-10260" 0 0 0 0 0 0
"ukb-b-20009" 0 0 0 0 0 0
"ukb-b-12753" 0 0 0 0 0 0
"ukb-b-15021" 0 0 0 0 0 0
"ukb-b-5118" 1 0 0 0 0 0
"ukb-b-6474" 7 18 19 4 3 1
"ukb-b-12089" 0 0 0 0 0 0
"ukb-b-12204" 0 0 0 0 0 0
"ukb-b-13155" 0 0 0 0 0 0
"ukb-b-5479" 2 5 0 1 0 1
"ukb-b-4150" 0 0 0 0 0 0
"ukb-b-2341" 0 0 0 0 0 0
"ukb-b-1100" 1 0 0 0 0 0
"ukb-b-10546" 1 0 0 0 0 0
"ukb-b-1939" 0 0 0 0 0 0
"ukb-b-16440" 0 0 0 0 0 0
"ukb-b-14699" 7 12701 23 5 4 1
"ukb-b-9049" 1 0 0 0 0 0
"ukb-b-19097" 0 0 0 0 0 0
"ukb-b-5045" 0 0 0 0 0 0
"ukb-b-17514" 0 0 0 0 0 0
"ukb-b-19406" 0 0 0 0 0 0
"ukb-b-8388" 9 171 163 6 6 0
"ukb-b-15957" 9 1 1 1 0 1
"ukb-b-20531" 385 840 833 115 104 11
"ukb-b-7500" 140 177 135 52 40 12
"ukb-b-7047" 4 10 4 1 1 0
"ukb-b-15453" 0 0 0 0 0 0
"ukb-b-5954" 1 0 0 0 0 0
"ukb-b-18674" 2 0 0 0 0 0
"ukb-b-9419" 0 0 0 0 0 0
"ukb-b-2122" 197 367 386 63 68 -5
"ukb-b-6834" 0 0 0 0 0 0
"ukb-b-782" 0 0 0 0 0 0
"ukb-b-17798" 0 0 0 0 0 0
"ukb-b-19807" 0 0 0 0 0 0
"ukb-b-10756" 1 3 0 1 0 1
"ukb-b-14609" 46 91 79 14 13 1
"ukb-b-10713" 0 0 0 0 0 0
"ukb-b-2988" 15 61 18 4 2 2
"ukb-b-11209" 0 0 0 0 0 0
"ukb-b-19346" 1 0 0 0 0 0
"ukb-b-10919" 0 0 0 0 0 0
"ukb-b-7012" 1 0 0 0 0 0
"ukb-b-6591" 200 248 200 38 34 4
"ukb-b-18335" 52 117 124 14 16 -2
"ukb-b-4991" 0 0 0 0 0 0
"ukb-b-7946" 0 0 0 0 0 0
"ukb-b-3672" 4 1 0 1 0 1
"ukb-b-16068" 1 0 0 0 0 0
"ukb-b-1523" 0 0 0 0 0 0
"ukb-b-14339" 0 0 0 0 0 0
"ukb-b-18593" 0 0 0 0 0 0
"ukb-b-6220" 0 0 0 0 0 0
"ukb-b-10797" 0 0 0 0 0 0
"ukb-b-539" 0 0 0 0 0 0
"ukb-b-1431" 257 72 43 41 23 18
"ukb-b-3828" 0 0 0 0 0 0
"ukb-b-8007" 1 0 0 0 0 0
"ukb-b-12396" 1 4 6 1 1 0
"ukb-b-17681" 2 1 0 0 0 0
"ukb-b-10415" 6 0 0 0 0 0
"ukb-b-11736" 0 0 0 0 0 0
"ukb-b-14381" 0 0 0 0 0 0
"ukb-b-6538" 0 0 0 0 0 0
"ukb-b-14640" 0 0 0 0 0 0
"ukb-b-2482" 1 0 0 0 0 0
"ukb-b-18802" 1 8 0 1 0 1
"ukb-b-4542" 0 0 0 0 0 0
"ukb-b-6222" 2 0 0 0 0 0
"ukb-b-9473" 2 1 13 0 1 -1
"ukb-b-7859" 475 1258 1269 182 178 4
"ukb-b-14027" 0 0 0 0 0 0
"ukb-b-14639" 0 0 0 0 0 0
"ukb-b-11076" 0 0 0 0 0 0
"ukb-b-16967" 0 0 0 0 0 0
"ukb-b-1440" 0 0 0 0 0 0
"ukb-b-2530" 0 0 0 0 0 0
"ukb-b-17097" 1 0 1 0 0 0
"ukb-b-14280" 0 0 0 0 0 0
"ukb-b-14057" 225 472 459 71 82 -11
"ukb-b-20341" 1 0 0 0 0 0
"ukb-b-2227" 3 0 6 0 1 -1
"ukb-b-19438" 1 0 0 0 0 0
"ukb-b-1557" 0 0 0 0 0 0
"ukb-b-686" 1 0 0 0 0 0
"ukb-b-7593" 0 0 0 0 0 0
"ukb-b-11461" 0 0 0 0 0 0
"ukb-b-18469" 0 0 0 0 0 0
"ukb-b-14521" 6 26 12 1 2 -1
"ukb-b-4331" 0 0 0 0 0 0
"ukb-b-16056" 0 0 0 0 0 0
"ukb-b-2691" 0 0 0 0 0 0
"ukb-b-5815" 0 0 0 0 0 0
"ukb-b-501" 1 0 0 0 0 0
"ukb-b-6154" 1 0 0 0 0 0
"ukb-b-19142" 1 0 0 0 0 0
"ukb-b-2108" 1 0 0 0 0 0
"ukb-b-14852" 0 0 0 0 0 0
"ukb-b-1285" 8 3 0 2 0 2
"ukb-b-16117" 0 0 0 0 0 0
"ukb-b-10011" 18 1 3 0 1 -1
"ukb-b-13276" 0 0 0 0 0 0
"ukb-b-4643" 4 0 7 0 1 -1
"ukb-b-19115" 0 0 0 0 0 0
"ukb-b-4616" 94 101 100 19 17 2
"ukb-b-14372" 0 0 0 0 0 0
"ukb-b-11413" 1 0 0 0 0 0
"ukb-b-18018" 3 22 0 2 0 2
"ukb-b-5186" 0 0 0 0 0 0
"ukb-b-19067" 0 0 0 0 0 0
"ukb-b-997" 0 0 0 0 0 0
"ukb-b-1668" 29 68 62 8 8 0
"ukb-b-4077" 4 0 0 0 0 0
"ukb-b-19809" 59 63 53 8 7 1
"ukb-b-10849" 0 0 0 0 0 0
"ukb-b-15622" 0 0 0 0 0 0
"ukb-b-19294" 0 0 0 0 0 0
"ukb-b-15671" 3 0 0 0 0 0
"ukb-b-16920" 3 0 0 0 0 0
"ukb-b-3823" 0 0 0 0 0 0
"ukb-b-20044" 422 1137 1214 136 142 -6
"ukb-b-13520" 0 0 0 0 0 0
"ukb-b-8193" 2 0 0 0 0 0
"ukb-b-9667" 10 1 3 0 1 -1
"ukb-b-19199" 0 0 0 0 0 0
"ukb-b-11361" 12 13 13 5 4 1
"ukb-b-17566" 0 0 0 0 0 0
"ukb-b-4548" 0 0 0 0 0 0
"ukb-b-15685" 12 25 25 8 6 2
"ukb-b-12014" 59 99 124 19 20 -1
"ukb-b-1974" 2 0 0 0 0 0
"ukb-b-1572" 3 16 20 1 2 -1
"ukb-b-20509" 1 0 0 0 0 0
"ukb-b-9976" 0 0 0 0 0 0
"ukb-b-17174" 0 3 2 0 0 0
"ukb-b-3291" 2 2 5 1 2 -1
"ukb-b-9263" 17 26 27 5 3 2
"ukb-b-378" 0 0 0 0 0 0
"ukb-b-17402" 0 0 0 0 0 0
"ukb-b-713" 0 0 0 0 0 0
"ukb-b-2424" 0 0 0 0 0 0
"ukb-b-5801" 84 100 68 21 25 -4
"ukb-b-8236" 0 0 0 0 0 0
"ukb-b-11311" 0 0 0 0 0 0
"ukb-b-6246" 2 0 0 0 0 0
"ukb-b-15352" 0 0 0 0 0 0
"ukb-b-16295" 0 0 0 0 0 0
"ukb-b-13425" 0 0 0 0 0 0
"ukb-b-8759" 0 0 0 0 0 0
"ukb-b-14181" 0 0 0 0 0 0
"ukb-b-16451" 26 38 57 3 10 -7
"ukb-b-13653" 38 55 13 7 4 3
"ukb-b-10362" 1 5 6 0 1 -1
"ukb-b-19813" 0 0 0 0 0 0
"ukb-b-8838" 0 0 0 0 0 0
"ukb-b-12477" 9 39 38 3 3 0
"ukb-b-4955" 3 0 1 0 1 -1
"ukb-b-6772" 4 19 5 1 2 -1
"ukb-b-13815" 0 0 0 0 0 0
"ukb-b-4267" 0 0 0 0 0 0
"ukb-b-3475" 0 0 0 0 0 0
"ukb-b-13832" 0 0 0 0 0 0
"ukb-b-3825" 0 0 0 0 0 0
"ukb-b-14080" 5 1 1 1 0 1
"ukb-b-7467" 0 0 0 0 0 0
"ukb-b-12412" 0 0 0 0 0 0
"ukb-b-11312" 5 1 0 1 0 1
"ukb-b-8470" 0 0 0 0 0 0
"ukb-b-16471" 1 0 0 0 0 0
"ukb-b-12316" 0 0 0 0 0 0
"ukb-b-8793" 1 0 0 0 0 0
"ukb-b-19886" 0 0 0 0 0 0
"ukb-b-2592" 1 0 0 0 0 0
"ukb-b-1553" 4 15 0 1 0 1
"ukb-b-19957" 22 9 41 1 3 -2
"ukb-b-9496" 0 0 0 0 0 0
"ukb-b-8201" 0 0 0 0 0 0
"ukb-b-13922" 0 0 0 0 0 0
"ukb-b-11578" 0 0 1 0 0 0
"ukb-b-16892" 0 0 0 0 0 0
"ukb-b-13285" 1 0 0 0 0 0
"ukb-b-1489" 65 25 39 7 9 -2
"ukb-b-12405" 35 48 17 2 2 0
"ukb-b-9290" 1 0 0 0 0 0
"ukb-b-5534" 1 0 0 0 0 0
"ukb-b-4514" 7 1 5 1 2 -1
"ukb-b-17999" 12 0 1 0 1 -1
"ukb-b-11856" 5 0 1 0 1 -1
"ukb-b-1780" 1 1 0 1 0 1
"ukb-b-13414" 0 0 0 0 0 0
"ukb-b-3386" 4 0 1 0 1 -1
"ukb-b-5164" 0 0 0 0 0 0
"ukb-b-12205" 0 0 0 0 0 0
"ukb-b-14305" 0 1 0 0 0 0
"ukb-b-1234" 0 0 0 0 0 0
"ukb-b-19780" 0 0 0 0 0 0
"ukb-b-3381" 0 0 0 0 0 0
"ukb-b-929" 40 6 16 2 5 -3
"ukb-b-527" 0 0 0 0 0 0
"ukb-b-8798" 1 11 0 0 0 0
"ukb-b-17961" 1 0 0 0 0 0
"ukb-b-11531" 0 0 0 0 0 0
"ukb-b-11590" 15 49 59 5 5 0
"ukb-b-10444" 7 14 20 2 4 -2
"ukb-b-11908" 1 4 0 1 0 1
"ukb-b-10181" 4 50 45 3 2 1
"ukb-b-2102" 1 0 0 0 0 0
"ukb-b-1228" 0 0 0 0 0 0
"ukb-b-14547" 0 0 0 0 0 0
"ukb-b-10003" 3 3 0 0 0 0
"ukb-b-18079" 0 0 0 0 0 0
"ukb-b-18948" 0 0 1 0 0 0
"ukb-b-20233" 0 0 0 0 0 0
"ukb-b-5477" 27 10 7 2 4 -2
"ukb-b-3802" 1 0 0 0 0 0
"ukb-b-10778" 0 0 0 0 0 0
"ukb-b-301" 0 0 0 0 0 0
"ukb-b-4000" 7 0 0 0 0 0
"ukb-b-5012" 0 0 0 0 0 0
"ukb-b-770" 0 0 0 0 0 0
"ukb-b-4958" 0 0 0 0 0 0
"ukb-b-2973" 0 0 0 0 0 0
"ukb-b-2416" 0 0 0 0 0 0
"ukb-b-11452" 199 279 264 67 68 -1
"ukb-b-1215" 0 1 0 0 0 0
"ukb-b-12148" 0 0 0 0 0 0
"ukb-b-2469" 0 0 0 0 0 0
"ukb-b-8587" 1 0 0 0 0 0
"ukb-b-16565" 0 0 0 0 0 0
"ukb-b-8765" 2 0 0 0 0 0
"ukb-b-3965" 10 1 2 0 2 -2
"ukb-b-1226" 0 0 0 0 0 0
"ukb-b-7350" 7 138 106 6 4 2
"ukb-b-9058" 1 3 4 0 1 -1
"ukb-b-998" 4 1 1 1 1 0
"ukb-b-15649" 0 0 0 0 0 0
"ukb-b-1096" 215 530 503 90 94 -4
"ukb-b-11075" 4 0 5 0 1 -1
"ukb-b-499" 1 0 0 0 0 0
"ukb-b-19641" 2 0 0 0 0 0
"ukb-b-7444" 0 0 0 0 0 0
"ukb-b-5640" 14 0 5 0 1 -1
"ukb-b-3770" 1 0 0 0 0 0
"ukb-b-1070" 2 1 0 0 0 0
"ukb-b-9484" 1 0 0 0 0 0
"ukb-b-730" 0 0 0 0 0 0
"ukb-b-698" 5 1 0 0 0 0
"ukb-b-352" 0 0 0 0 0 0
"ukb-b-10351" 0 0 0 0 0 0
"ukb-b-354" 2 1 0 1 0 1
"ukb-b-10433" 0 0 0 0 0 0
"ukb-b-6720" 27 26 27 9 8 1
"ukb-b-20414" 0 0 0 0 0 0
"ukb-b-15359" 0 0 0 0 0 0
"ukb-b-3983" 0 0 0 0 0 0
"ukb-b-9543" 1 0 4 0 0 0
"ukb-b-16665" 0 0 0 0 0 0
"ukb-b-1707" 4 3 0 0 0 0
"ukb-b-19054" 0 0 0 0 0 0
"ukb-b-131" 0 0 0 0 0 0
"ukb-b-5185" 0 0 0 0 0 0
"ukb-b-4193" 0 0 0 0 0 0
"ukb-b-7323" 0 0 0 0 0 0
"ukb-b-4522" 83 40 70 10 10 0
"ukb-b-12381" 1 0 0 0 0 0
"ukb-b-7463" 0 0 0 0 0 0
"ukb-b-5266" 0 0 0 0 0 0
"ukb-b-15440" 0 0 0 0 0 0
"ukb-b-8061" 0 0 0 0 0 0
"ukb-b-19657" 260 573 559 80 87 -7
"ukb-b-20100" 1 0 2 0 0 0
"ukb-b-14429" 0 0 0 0 0 0
"ukb-b-2349" 0 0 0 0 0 0
"ukb-b-17371" 0 0 0 0 0 0
"ukb-b-143" 3 0 0 0 0 0
"ukb-b-12362" 1 0 0 0 0 0
"ukb-b-12265" 2 0 0 0 0 0
"ukb-b-6704" 428 1061 1154 132 140 -8
"ukb-b-14085" 1 0 4 0 1 -1
"ukb-b-10215" 176 210 260 33 40 -7
"ukb-b-6543" 0 0 0 0 0 0
"ukb-b-20216" 0 0 0 0 0 0
"ukb-b-621" 0 0 0 0 0 0
"ukb-b-19373" 79 30 28 10 12 -2
"ukb-b-13231" 118 20 31 6 11 -5
"ukb-b-14395" 76 112 151 19 26 -7
"ukb-b-14753" 0 0 0 0 0 0
"ukb-b-12648" 0 0 0 0 0 0
"ukb-b-20332" 5 16 3 3 1 2
"ukb-b-10771" 1 0 0 0 0 0
"ukb-b-5911" 2 0 0 0 0 0
"ukb-b-7178" 33 55 50 11 9 2
"ukb-b-5115" 3 0 0 0 0 0
"ukb-b-4650" 223 518 461 83 77 6
"ukb-b-1315" 20 38 37 8 4 4
"ukb-b-1464" 0 0 0 0 0 0
"ukb-b-19060" 9 2 1 2 1 1
"ukb-b-11364" 56 110 120 20 23 -3
"ukb-b-6633" 0 0 0 0 0 0
"ukb-b-17881" 0 0 0 0 0 0
"ukb-b-8146" 0 0 0 0 0 0
"ukb-b-17595" 23 64 69 6 7 -1
"ukb-b-5712" 0 0 0 0 0 0
"ukb-b-19234" 362 14282 14199 277 284 -7
"ukb-b-9052" 1 0 0 0 0 0
"ukb-b-15748" 7 35 6 4 1 3
"ukb-b-18818" 1 0 0 0 0 0
"ukb-b-17742" 1 7 10 1 1 0
"ukb-b-3663" 0 0 0 0 0 0
"ukb-b-8416" 9 1 15 1 1 0
"ukb-b-2528" 6 3 0 1 0 1
"ukb-b-6244" 7 1 0 1 0 1
"ukb-b-17155" 1 0 0 0 0 0
"ukb-b-13506" 207 332 312 76 76 0
"ukb-b-18349" 0 0 0 0 0 0
"ukb-b-4361" 0 0 0 0 0 0
"ukb-b-18787" 0 0 0 0 0 0
"ukb-b-3709" 0 0 0 0 0 0
"ukb-b-14742" 0 0 0 0 0 0
"ukb-b-16071" 0 0 0 0 0 0
"ukb-b-7421" 2 5 1 1 0 1
"ukb-b-15903" 0 0 0 0 0 0
"ukb-b-15590" 420 1143 1180 146 141 5
"ukb-b-8537" 0 0 0 0 0 0
"ukb-b-16102" 0 0 0 0 0 0
"ukb-b-19864" 0 0 0 0 0 0
"ukb-b-2307" 11 23 19 3 2 1
"ukb-b-13019" 0 0 0 0 0 0
"ukb-b-2205" 3 34 41 2 2 0
"ukb-b-11495" 13 30 6 3 2 1
"ukb-b-14847" 0 0 0 0 0 0
"ukb-b-13478" 0 0 0 0 0 0
"ukb-b-18137" 0 0 0 0 0 0
"ukb-b-2522" 2 0 0 0 0 0
"ukb-b-5935" 0 0 0 0 0 0
"ukb-b-15336" 0 0 0 0 0 0
"ukb-b-8106" 0 0 0 0 0 0
"ukb-b-1355" 1 0 0 0 0 0
"ukb-b-7118" 0 0 0 0 0 0
"ukb-b-11550" 14 25 23 5 4 1
"ukb-b-17100" 0 0 0 0 0 0
"ukb-b-7660" 1 2 0 0 0 0
"ukb-b-7881" 1 0 0 0 0 0
"ukb-b-6077" 0 0 0 0 0 0
"ukb-b-14162" 0 0 0 0 0 0
"ukb-b-20480" 0 0 0 0 0 0
"ukb-b-3751" 0 0 0 0 0 0
"ukb-b-847" 1 0 0 0 0 0
"ukb-b-12379" 1 0 0 0 0 0
"ukb-b-1099" 1 0 1 0 1 -1
"ukb-b-16240" 0 0 0 0 0 0
"ukb-b-13538" 199 268 268 66 67 -1
"ukb-b-14294" 4 0 1 0 0 0
"ukb-b-1306" 0 0 0 0 0 0
"ukb-b-16174" 0 0 0 0 0 0
"ukb-b-16313" 1 0 0 0 0 0
"ukb-b-19388" 0 0 0 0 0 0
"ukb-b-7330" 1 0 0 0 0 0
"ukb-b-520" 0 0 0 0 0 0
"ukb-b-1853" 0 0 0 0 0 0
"ukb-b-11862" 0 0 0 0 0 0
"ukb-b-4442" 0 0 0 0 0 0
"ukb-b-17078" 0 0 0 0 0 0
"ukb-b-14486" 6 6 2 1 2 -1
"ukb-b-19651" 0 0 2 0 0 0
"ukb-b-5948" 0 0 0 0 0 0
"ukb-b-4549" 25 28 41 4 4 0
"ukb-b-2317" 0 0 0 0 0 0
"ukb-b-15169" 7 42 17 3 3 0
"ukb-b-15071" 0 0 0 0 0 0
"ukb-b-3703" 0 0 0 0 0 0
"ukb-b-12915" 6 24 32 2 4 -2
"ukb-b-18138" 1 0 27 0 1 -1
"ukb-b-14479" 1 0 0 0 0 0
"ukb-b-7196" 0 0 0 0 0 0
"ukb-b-7641" 2 0 0 0 0 0
"ukb-b-7289" 4 0 2 0 0 0
"ukb-b-10608" 1 0 0 0 0 0
"ukb-b-10093" 41 9 11 5 2 3
"ukb-b-1567" 1 0 0 0 0 0
"ukb-b-46" 9 34 44 4 3 1
"ukb-b-7418" 0 0 0 0 0 0
"ukb-b-8543" 0 0 0 0 0 0
"ukb-b-14829" 1 5 5 0 0 0
"ukb-b-11497" 79 93 95 28 25 3
"ukb-b-7352" 4 13 8 2 1 1
"ukb-b-19088" 0 0 0 0 0 0
"ukb-b-10817" 8 2 1 1 1 0
"ukb-b-6514" 2 0 0 0 0 0
"ukb-b-10655" 2 1 0 1 0 1
"ukb-b-15945" 0 0 0 0 0 0
"ukb-b-14356" 0 0 0 0 0 0
"ukb-b-4535" 2 10 10 1 1 0
"ukb-b-3563" 3 17 18 2 2 0
"ukb-b-13814" 2 0 0 0 0 0
"ukb-b-123" 0 0 0 0 0 0
"ukb-b-12931" 0 0 0 0 0 0
"ukb-b-14116" 3 0 0 0 0 0
"ukb-b-4518" 9 1 1 1 1 0
"ukb-b-20213" 0 0 1 0 0 0
"ukb-b-9787" 0 0 0 0 0 0
"ukb-b-10911" 1 0 0 0 0 0
"ukb-b-16639" 0 0 0 0 0 0
"ukb-b-11138" 1 0 0 0 0 0
"ukb-b-14108" 0 0 0 0 0 0
"ukb-b-16993" 0 0 0 0 0 0
"ukb-b-1425" 0 0 0 0 0 0
"ukb-b-9797" 0 0 0 0 0 0
"ukb-b-10454" 7 7 6 1 1 0
"ukb-b-17729" 93 161 174 18 20 -2
"ukb-b-8329" 2 2 10 1 0 1
"ukb-b-17422" 114 120 135 51 49 2
"ukb-b-7284" 1 0 0 0 0 0
"ukb-b-19041" 10 24 23 3 4 -1
"ukb-b-9074" 0 0 0 0 0 0
"ukb-b-5090" 3 0 0 0 0 0
"ukb-b-10143" 1 0 1 0 0 0
"ukb-b-78" 0 0 0 0 0 0
"ukb-b-18162" 3 0 1 0 1 -1
"ukb-b-9596" 1 0 0 0 0 0
"ukb-b-10848" 0 0 0 0 0 0
"ukb-b-13979" 0 0 0 0 0 0
"ukb-b-4586" 0 0 0 0 0 0
"ukb-b-5779" 99 122 111 18 19 -1
"ukb-b-6615" 0 0 0 0 0 0
"ukb-b-10733" 0 0 0 0 0 0
"ukb-b-660" 13 23 18 4 4 0
"ukb-b-14166" 0 0 0 0 0 0
"ukb-b-6413" 0 0 0 0 0 0
"ukb-b-12906" 0 0 0 0 0 0
"ukb-b-8694" 0 0 0 0 0 0
"ukb-b-3822" 14 5 2 1 0 1
"ukb-b-20424" 0 0 0 0 0 0
"ukb-b-15666" 0 0 0 0 0 0
"ukb-b-4843" 0 0 0 0 0 0
"ukb-b-9270" 0 0 0 0 0 0
"ukb-b-3768" 200 310 315 72 67 5
"ukb-b-11926" 0 0 0 0 0 0
"ukb-b-11402" 0 0 0 0 0 0
"ukb-b-20211" 26 49 36 7 6 1
"ukb-b-8024" 0 0 0 0 0 0
"ukb-b-6503" 2 0 9 0 1 -1
"ukb-b-10258" 0 0 0 0 0 0
"ukb-b-3115" 2 0 0 0 0 0
"ukb-b-1997" 2 0 1 0 1 -1
"ukb-b-1761" 0 0 0 0 0 0
"ukb-b-16235" 6 1 2 1 2 -1
"ukb-b-11675" 0 0 0 0 0 0
"ukb-b-15892" 80 74 87 25 29 -4
"ukb-b-12962" 2 0 0 0 0 0
"ukb-b-4663" 0 0 0 0 0 0
"ukb-b-9927" 0 0 0 0 0 0
"ukb-b-16713" 0 0 0 0 0 0
"ukb-b-1807" 0 0 0 0 0 0
"ukb-b-16319" 0 0 0 0 0 0
"ukb-b-560" 0 0 0 0 0 0
"ukb-b-16489" 261 459 477 57 62 -5
"ukb-b-8902" 0 0 0 0 0 0
"ukb-b-11303" 12 43 45 2 3 -1
"ukb-b-19277" 53 66 46 16 16 0
"ukb-b-12849" 1 0 0 0 0 0
"ukb-b-5394" 1 0 0 0 0 0
"ukb-b-671" 10 9 11 2 3 -1
"ukb-b-277" 0 0 0 0 0 0
"ukb-b-12762" 1 0 0 0 0 0
"ukb-b-4051" 0 0 0 0 0 0
"ukb-b-4088" 0 0 0 0 0 0
"ukb-b-1021" 1 0 0 0 0 0
"ukb-b-9536" 4 5 0 2 0 2
"ukb-b-19845" 0 0 0 0 0 0
"ukb-b-18008" 0 0 0 0 0 0
"ukb-b-1259" 0 0 0 0 0 0
"ukb-b-10169" 29 24 26 2 3 -1
"ukb-b-3683" 0 0 0 0 0 0
"ukb-b-5644" 0 0 0 0 0 0
"ukb-b-19925" 519 1968 2027 211 229 -18
"ukb-b-5443" 0 0 0 0 0 0
"ukb-b-6762" 0 0 0 0 0 0
"ukb-b-14043" 1 8 8 1 1 0
"ukb-b-19756" 0 0 0 0 0 0
"ukb-b-6414" 0 0 0 0 0 0
"ukb-b-8136" 0 0 0 0 0 0
"ukb-b-10002" 0 0 0 0 0 0
"ukb-b-16858" 3 0 2 0 1 -1
"ukb-b-12670" 0 0 0 0 0 0
"ukb-b-6779" 0 0 0 0 0 0
"ukb-b-9841" 0 0 0 0 0 0
"ukb-b-10309" 1 0 0 0 0 0
"ukb-b-19469" 2 0 0 0 0 0
"ukb-b-3460" 14 5 1 2 1 1
"ukb-b-4683" 0 0 0 0 0 0
"ukb-b-8917" 0 0 0 0 0 0
"ukb-b-12252" 0 0 0 0 0 0
"ukb-b-18042" 18 76 31 6 2 4
"ukb-b-4316" 0 0 0 0 0 0
"ukb-b-17406" 0 0 0 0 0 0
"ukb-b-9764" 0 0 0 0 0 0
"ukb-b-7587" 0 0 0 0 0 0
"ukb-b-13176" 0 0 0 0 0 0
"ukb-b-19832" 0 0 0 0 0 0
"ukb-b-4363" 12 18 16 5 5 0
"ukb-b-11355" 1 0 2 0 1 -1
"ukb-b-11842" 498 1752 1849 186 198 -12
"ukb-b-17557" 9 0 0 0 0 0
"ukb-b-3055" 0 0 0 0 0 0
"ukb-b-19381" 1 0 0 0 0 0
"ukb-b-18264" 0 0 0 0 0 0
"ukb-b-11867" 1 0 0 0 0 0
"ukb-b-7556" 37 35 42 7 9 -2
"ukb-b-16103" 0 6 5 0 0 0
"ukb-b-5617" 4 0 0 0 0 0
"ukb-b-6541" 6 26 8 3 2 1
"ukb-b-9937" 0 0 0 0 0 0
"ukb-b-14315" 1 30 0 1 0 1
"ukb-b-9294" 0 0 0 0 0 0
"ukb-b-6500" 4 0 0 0 0 0
"ukb-b-4886" 17 12 3 0 1 -1
"ukb-b-19885" 0 0 0 0 0 0
"ukb-b-5222" 1 0 0 0 0 0
"ukb-b-5620" 7 2 2 2 1 1
"ukb-b-17010" 0 0 0 0 0 0
"ukb-b-19490" 0 0 0 0 0 0
"ukb-b-12909" 2 3 4 1 1 0
"ukb-b-12364" 1 0 0 0 0 0
"ukb-b-6134" 41 36 13 3 2 1
"ukb-b-13566" 2 4 0 1 0 1
"ukb-b-16958" 1 0 0 0 0 0
"ukb-b-15026" 0 0 0 0 0 0
"ukb-b-16027" 4 0 0 0 0 0
"ukb-b-3135" 0 0 0 0 0 0
"ukb-b-4657" 229 521 519 94 95 -1
"ukb-b-15782" 3 11 10 2 1 1
"ukb-b-12176" 1 0 1 0 0 0
"ukb-b-6235" 46 96 91 22 20 2
"ukb-b-11484" 1 0 0 0 0 0
"ukb-b-5593" 7 0 0 0 0 0
"ukb-b-8121" 106 74 59 27 25 2
"ukb-b-20321" 0 0 0 0 0 0
"ukb-b-17708" 0 0 0 0 0 0
"ukb-b-15710" 0 0 0 0 0 0
"ukb-b-17670" 5 113 114 3 3 0
"ukb-b-9261" 1 0 0 0 0 0
"ukb-b-18700" 14 28 23 7 4 3
"ukb-b-9712" 0 0 0 0 0 0
"ukb-b-1799" 1 0 0 0 0 0
"ukb-b-13344" 19 5 4 5 4 1
"ukb-b-12861" 1 0 0 0 0 0
"ukb-b-11141" 233 509 500 69 72 -3
"ukb-b-4461" 16 79 26 5 1 4
"ukb-b-12658" 0 0 0 0 0 0
"ukb-b-812" 0 0 0 0 0 0
"ukb-b-5237" 40 80 67 8 7 1
"ukb-b-18798" 0 0 0 0 0 0
"ukb-b-323" 4 17 17 2 2 0
"ukb-b-4946" 0 0 0 0 0 0
"ukb-b-17962" 0 0 0 0 0 0
"ukb-b-18853" 0 0 0 0 0 0
"ukb-b-14177" 232 486 484 71 84 -13
"ukb-b-4801" 3 3 0 0 0 0
"ukb-b-11749" 7 0 1 0 0 0
"ukb-b-5605" 1 0 0 0 0 0
"ukb-b-10923" 1 1 1 1 1 0
"ukb-b-6849" 0 0 0 0 0 0
"ukb-b-4206" 1 0 0 0 0 0
"ukb-b-758" 0 0 0 0 0 0
"ukb-b-14444" 0 0 0 0 0 0
"ukb-b-18578" 0 0 0 0 0 0
"ukb-b-17553" 6 2 1 2 1 1
